0
1
2
3
4
5
6
7
9
10
11
12
13
15
17
18
19
20
22
24
26
27
31
33
34
35
37
38
39
40
41
43
46
47
50
52
53
54
55
56
59
61
63
64
65
67
68
69
70
71
72
73
76
77
78
79
80
81
82
83
84
85
86
87
89
90
92
93
95
97
98
99
100
102
104
106
107
111
113
114
115
117
118
119
120
121
123
127
128
130
131
132
133
134
135
136
139
141
143
144
145
147
148
149
150
151
152
153
156
157
158
159
160
161
162
163
164
165
166
167
169
170
171
173
175
177
178
179
180
182
184
186
187
191
193
194
195
197
198
199
200
201
203
206
207
208
210
211
212
213
214
215
216
219
221
223
224
225
227
228
229
230
231
232
233
236
237
238
239
240
241
242
243
244
245
246
247
249
250
251
252
253
255
257
258
259
260
262
264
266
267
271
273
274
275
277
278
279
280
281
283
287
288
290
292
293
294
295
296
299
301
303
304
305
307
308
309
310
311
312
313
316
317
318
319
320
321
322
323
324
325
327
329
330
331
332
333
335
337
338
339
340
342
344
346
347
351
353
354
355
357
358
359
360
361
363
367
368
370
371
372
373
374
375
376
379
381
383
384
385
387
388
389
390
391
392
393
396
397
398
399
400
401
402
403
404
405
406
407
409
410
412
413
415
416
417
418
419
420
422
424
426
427
431
433
434
435
437
438
439
440
441
443
447
448
450
452
453
454
455
456
459
461
463
464
465
467
468
469
470
471
472
473
476
477
478
479
480
481
482
483
484
485
486
487
489
490
491
492
493
495
496
497
498
499
500
504
506
507
511
513
514
515
517
518
519
520
521
523
527
528
530
532
533
534
535
536
539
541
543
544
545
547
548
549
550
551
552
553
556
557
558
559
560
561
562
563
564
565
566
567
569
570
572
573
575
577
578
579
580
582
584
586
587
591
593
594
595
597
598
599
600
601
603
607
608
610
611
612
613
614
615
616
619
621
623
624
625
627
628
629
630
631
632
633
636
637
638
639
640
641
642
643
644
645
646
647
649
650
651
652
653
655
657
658
659
660
662
664
666
667
671
673
674
675
677
678
679
680
681
683
687
688
690
692
693
694
695
696
699
701
703
704
705
707
708
709
710
711
712
713
716
717
718
719
720
721
723
724
725
726
727
729
730
731
732
733
735
737
738
739
740
742
744
746
747
751
753
754
755
757
758
759
760
761
763
767
768
770
771
772
773
774
775
776
778
779
781
783
784
785
787
788
789
790
791
792
793
796
797
798
799
800
801
802
803
804
805
806
807
809
810
811
812
813
815
817
818
819
820
822
824
826
827
831
833
834
835
837
838
839
840
841
843
847
848
850
852
853
854
855
856
859
861
863
864
865
867
868
869
870
871
872
873
876
877
878
879
880
881
882
883
884
885
886
887
889
890
891
892
893
895
897
898
899
900
902
904
906
907
911
913
914
915
917
918
919
920
921
923
927
928
930
932
933
934
935
936
939
941
943
944
945
947
948
949
950
951
952
953
956
957
958
959
960
961
962
963
964
965
966
967
969
970
972
973
975
977
978
979
980
982
984
986
987
991
993
994
995
997
998
999
1000
1001
1003
1006
1007
1008
1010
1012
1013
1014
1015
1016
1018
1019
1021
1023
1024
1025
1027
1028
1029
1030
1031
1032
1033
1036
1037
1038
1039
1040
1041
1042
1043
1044
1045
1046
1047
1049
1050
1051
1052
1053
1055
1057
1058
1059
1060
1062
1064
1066
1067
1071
1073
1074
1075
1077
1078
1079
1080
1081
1083
1087
1088
1090
1091
1092
1093
1095
1096
1099
1101
1103
1104
1105
1107
1108
1109
1110
1111
1112
1113
1116
1117
1118
1119
1120
1121
1122
1123
1124
1125
1126
1127
1129
1130
1131
1132
1133
1135
1136
1137
1138
1139
1140
1142
1144
1146
1147
1151
1153
1154
1155
1157
1158
1159
1160
1161
1163
1167
1168
1170
1172
1173
1174
1175
1176
1179
1181
1183
1184
1185
1187
1188
1189
1190
1191
1192
1193
1196
1197
1198
1199
1200
1201
1202
1203
1204
1205
1207
1209
1210
1211
1212
1213
1215
1217
1218
1219
1220
1224
1226
1227
1231
1233
1234
1235
1237
1238
1239
1240
1241
1243
1246
1247
1250
1251
1252
1253
1254
1255
1256
1258
1259
1261
1263
1264
1265
1267
1268
1269
1270
1271
1272
1273
1276
1277
1278
1279
1280
1281
1282
1283
1284
1285
1287
1289
1290
1291
1292
1293
1295
1297
1298
1299
1300
1302
1304
1306
1307
1311
1313
1314
1315
1317
1318
1319
1320
1321
1323
1326
1327
1328
1330
1332
1333
1334
1335
1336
1339
1341
1343
1344
1345
1347
1348
1349
1350
1351
1352
1353
1356
1357
1358
1359
1360
1361
1362
1363
1364
1365
1366
1367
1369
1370
1371
1372
1373
1375
1377
1378
1379
1380
1384
1386
1387
1391
1393
1394
1395
1397
1398
1399
1400
1401
1403
1407
1408
1410
1411
1412
1413
1414
1415
1416
1418
1419
1421
1423
1424
1425
1427
1428
1429
1430
1431
1432
1433
1436
1437
1438
1439
1440
1441
1442
1443
1444
1445
1446
1447
1449
1450
1452
1453
1455
1457
1458
1459
1460
1462
1464
1466
1467
1471
1473
1474
1475
1477
1478
1479
1480
1481
1483
1487
1488
1490
1492
1493
1494
1495
1496
1498
1499
1501
1503
1504
1505
1507
1508
1509
1510
1511
1512
1513
1516
1517
1518
1519
1520
1521
1522
1523
1524
1525
1526
1527
1529
1530
1531
1533
1535
1536
1537
1538
1539
1540
1542
1544
1546
1547
1551
1553
1554
1555
1557
1558
1559
1560
1561
1563
1567
1570
1571
1572
1573
1574
1575
1576
1578
1579
1581
1583
1584
1585
1587
1588
1589
1590
1591
1592
1593
1596
1597
1598
1599
1600
1601
1602
1603
1604
1605
1606
1607
1609
1610
1611
1613
1615
1617
1618
1619
1620
1622
1624
1626
1627
1631
1633
1634
1635
1637
1638
1639
1640
1641
1643
1647
1648
1650
1651
1652
1653
1654
1655
1656
1659
1661
1663
1664
1665
1667
1668
1669
1670
1671
1672
1673
1676
1677
1678
1679
1680
1681
1682
1683
1684
1685
1686
1687
1689
1690
1691
1692
1693
1695
1697
1698
1699
1700
1702
1704
1706
1707
1708
1711
1713
1714
1715
1717
1718
1719
1720
1721
1723
1727
1730
1732
1733
1734
1735
1736
1739
1741
1743
1744
1745
1747
1748
1749
1750
1751
1752
1753
1756
1757
1758
1759
1760
1761
1762
1763
1764
1765
1766
1767
1769
1770
1771
1772
1773
1775
1777
1778
1779
1780
1782
1784
1786
1787
1791
1793
1794
1795
1797
1798
1799
1800
1801
1803
1807
1808
1810
1812
1813
1814
1815
1816
1818
1819
1821
1823
1824
1825
1827
1828
1829
1830
1831
1832
1833
1836
1837
1838
1839
1840
1841
1842
1843
1844
1845
1846
1847
1849
1850
1852
1853
1855
1857
1858
1859
1860
1862
1864
1866
1867
1871
1873
1874
1875
1877
1878
1879
1880
1881
1883
1887
1890
1891
1892
1893
1894
1895
1896
1898
1899
1901
1903
1904
1905
1907
1908
1909
1910
1911
1912
1913
1916
1917
1918
1919
1920
1921
1922
1923
1924
1925
1926
1927
1929
1930
1931
1932
1933
1935
1937
1938
1939
1940
1944
1946
1947
1951
1953
1954
1955
1957
1958
1959
1960
1961
1963
1966
1967
1968
1970
1971
1972
1973
1974
1975
1976
1979
1981
1983
1984
1985
1987
1988
1989
1990
1991
1992
1993
1996
1997
1998
1999
2000
2001
2002
2003
2004
2005
2006
2007
2009
2010
2011
2012
2013
2015
2017
2018
2019
2020
2022
2024
2026
2027
2031
2033
2034
2035
2037
2038
2039
2040
2041
2043
2047
2048
2050
2052
2053
2054
2055
2056
2059
2061
2063
2064
2065
2067
2068
2069
2070
2071
2072
2073
2076
2077
2078
2079
2080
2081
2082
2083
2084
2085
2086
2087
2089
2090
2092
2093
2095
2096
2097
2098
2099
2100
2104
2106
2107
2111
2113
2114
2115
2117
2118
2119
2120
2121
2123
2127
2128
2130
2131
2132
2133
2134
2135
2136
2139
2141
2143
2144
2145
2147
2148
2149
2150
2151
2152
2153
2156
2157
2158
2159
2160
2161
2162
2163
2164
2165
2166
2167
2169
2170
2171
2172
2173
2175
2177
2178
2179
2180
2182
2184
2186
2187
2191
2193
2194
2195
2197
2198
2199
2200
2201
2203
2207
2208
2210
2211
2212
2213
2214
2215
2216
2219
2221
2223
2224
2225
2227
2228
2229
2231
2232
2233
2236
2237
2238
2239
2240
2241
2242
2243
2244
2245
2246
2247
2249
2250
2251
2252
2253
2255
2257
2258
2259
2260
2262
2264
2266
2267
2271
2273
2274
2275
2277
2278
2280
2281
2283
2287
2288
2290
2291
2292
2293
2294
2295
2296
2298
2299
2301
2303
2304
2305
2307
2308
2309
2310
2311
2312
2313
2316
2317
2318
2319
2320
2321
2322
2323
2324
2325
2326
2327
2329
2330
2331
2333
2335
2337
2338
2339
2340
2342
2344
2346
2347
2351
2353
2354
2355
2357
2358
2359
2360
2361
2363
2366
2367
2368
2370
2372
2373
2374
2375
2376
2379
2381
2383
2384
2385
2387
2388
2389
2390
2391
2392
2393
2396
2397
2398
2399
2400
2401
2402
2403
2404
2405
2406
2407
2409
2410
2411
2412
2413
2415
2417
2418
2419
2420
2422
2424
2426
2427
2431
2433
2434
2435
2437
2438
2440
2441
2443
2447
2448
2450
2452
2453
2454
2455
2456
2458
2459
2460
2461
2463
2464
2465
2467
2468
2469
2470
2471
2472
2473
2476
2477
2478
2479
2480
2481
2482
2483
2484
2485
2486
2487
2489
2490
2491
2492
2493
2495
2496
2497
2498
2499
2500
2502
2504
2506
2507
2511
2513
2514
2515
2517
2518
2519
2520
2521
2523
2526
2527
2528
2530
2532
2533
2534
2535
2536
2539
2541
2543
2544
2545
2547
2548
2549
2550
2551
2552
2553
2556
2557
2558
2559
2560
2561
2562
2563
2564
2565
2566
2567
2569
2570
2571
2572
2573
2575
2577
2578
2579
2580
2582
2584
2586
2587
2591
2593
2594
2595
2597
2598
2599
2600
2601
2603
2607
2610
2611
2612
2613
2614
2615
2616
2619
2621
2623
2624
2625
2627
2628
2629
2630
2631
2632
2633
2636
2637
2638
2639
2640
2641
2642
2643
2644
2645
2646
2647
2649
2650
2652
2653
2655
2657
2658
2659
2660
2662
2664
2666
2667
2671
2673
2674
2675
2677
2678
2679
2680
2681
2683
2686
2687
2688
2690
2691
2692
2693
2694
2695
2699
2701
2703
2704
2705
2707
2708
2709
2710
2711
2712
2713
2716
2717
2718
2719
2720
2721
2722
2723
2724
2725
2726
2727
2729
2730
2731
2733
2735
2737
2738
2739
2740
2742
2744
2746
2747
2751
2753
2754
2755
2757
2758
2759
2760
2761
2763
2766
2767
2770
2772
2773
2774
2775
2776
2779
2781
2783
2784
2785
2787
2788
2789
2790
2791
2792
2793
2796
2797
2798
2799
2800
2801
2802
2803
2804
2805
2806
2807
2809
2810
2811
2812
2813
2815
2816
2817
2818
2819
2820
2822
2824
2826
2827
2831
2833
2834
2835
2837
2838
2839
2840
2841
2843
2847
2848
2850
2852
2853
2854
2855
2856
2858
2859
2861
2863
2864
2865
2867
2868
2869
2870
2871
2872
2873
2876
2877
2878
2879
2880
2881
2882
2883
2884
2885
2886
2887
2889
2890
2891
2892
2893
2895
2897
2898
2899
2900
2902
2904
2906
2907
2911
2913
2914
2915
2917
2918
2919
2920
2921
2923
2927
2928
2930
2932
2933
2934
2935
2936
2939
2941
2943
2944
2945
2947
2948
2949
2950
2951
2952
2953
2956
2957
2958
2959
2960
2961
2962
2963
2964
2965
2966
2967
2969
2970
2971
2972
2973
2975
2977
2978
2979
2980
2982
2984
2986
2987
2991
2993
2994
2995
2997
2998
3000
3001
3003
3007
3008
3010
3012
3013
3014
3015
3016
3018
3019
3021
3023
3024
3025
3027
3028
3029
3030
3031
3032
3033
3036
3037
3038
3039
3040
3041
3043
3044
3045
3046
3047
3049
3050
3051
3052
3053
3055
3057
3058
3059
3060
3064
3066
3067
3071
3073
3074
3075
3077
3078
3079
3080
3081
3083
3086
3087
3088
3090
3091
3092
3093
3094
3095
3096
3098
3099
3100
3101
3103
3104
3105
3107
3108
3109
3110
3111
3112
3113
3116
3117
3118
3119
3120
3121
3122
3123
3124
3125
3127
3129
3130
3132
3133
3135
3137
3138
3139
3140
3142
3144
3146
3147
3148
3151
3153
3154
3155
3157
3158
3159
3160
3161
3163
3167
3168
3170
3172
3173
3174
3175
3176
3178
3179
3181
3183
3184
3185
3187
3188
3189
3190
3191
3192
3193
3196
3197
3198
3199
3200
3201
3202
3203
3204
3205
3206
3207
3209
3210
3212
3213
3215
3217
3218
3219
3220
3222
3224
3226
3227
3231
3233
3234
3235
3237
3238
3239
3240
3241
3243
3247
3248
3250
3251
3252
3253
3254
3255
3256
3259
3261
3263
3264
3265
3267
3268
3269
3270
3271
3272
3273
3276
3277
3278
3279
3280
3281
3282
3283
3284
3285
3287
3289
3290
3293
3295
3297
3298
3299
3300
3302
3304
3306
3307
3311
3313
3314
3315
3317
3318
3319
3320
3321
3323
3327
3328
3330
3331
3332
3333
3334
3335
3336
3338
3339
3340
3341
3343
3344
3345
3347
3348
3349
3350
3351
3352
3353
3356
3357
3358
3359
3360
3361
3362
3363
3364
3365
3366
3367
3369
3370
3373
3375
3377
3378
3379
3380
3382
3384
3386
3387
3391
3393
3394
3395
3397
3398
3399
3400
3401
3403
3406
3407
3408
3410
3411
3412
3413
3414
3415
3416
3419
3421
3423
3424
3425
3427
3428
3429
3430
3431
3432
3433
3436
3437
3438
3439
3440
3441
3443
3444
3445
3446
3447
3449
3450
3451
3452
3453
3455
3456
3457
3458
3459
3460
3462
3464
3466
3467
3471
3473
3474
3475
3477
3478
3479
3480
3481
3483
3487
3488
3490
3491
3492
3493
3495
3496
3498
3499
3501
3503
3504
3505
3507
3508
3509
3511
3512
3513
3516
3517
3518
3519
3520
3521
3522
3523
3524
3525
3526
3527
3529
3530
3531
3532
3533
3535
3537
3538
3539
3540
3542
3544
3546
3547
3551
3553
3554
3555
3557
3558
3559
3560
3561
3563
3567
3568
3570
3572
3573
3574
3575
3576
3579
3580
3581
3583
3584
3585
3587
3588
3589
3591
3592
3593
3596
3597
3598
3599
3600
3601
3602
3603
3604
3605
3606
3607
3609
3610
3611
3612
3613
3615
3616
3617
3618
3619
3620
3624
3626
3627
3631
3633
3634
3635
3637
3638
3639
3640
3641
3643
3647
3648
3650
3652
3653
3654
3655
3656
3659
3661
3663
3664
3665
3667
3668
3669
3670
3671
3672
3673
3676
3677
3678
3679
3680
3681
3682
3683
3684
3685
3686
3687
3689
3690
3691
3692
3693
3695
3697
3698
3699
3700
3702
3704
3706
3707
3711
3713
3714
3715
3717
3718
3719
3720
3721
3723
3727
3728
3730
3732
3733
3734
3735
3736
3739
3741
3743
3744
3745
3747
3748
3749
3750
3751
3752
3753
3756
3757
3758
3759
3760
3761
3762
3763
3764
3765
3766
3767
3769
3770
3771
3772
3773
3775
3777
3778
3779
3780
3784
3786
3787
3791
3793
3794
3795
3797
3798
3799
3800
3801
3803
3807
3808
3810
3811
3812
3813
3814
3815
3816
3819
3821
3823
3824
3825
3827
3828
3829
3830
3831
3832
3833
3836
3837
3838
3839
3840
3841
3842
3843
3844
3845
3846
3847
3849
3850
3852
3853
3855
3857
3858
3859
3860
3862
3864
3866
3867
3871
3873
3874
3875
3877
3878
3879
3880
3881
3883
3886
3887
3888
3890
3892
3893
3894
3895
3896
3899
3901
3903
3904
3905
3907
3908
3909
3910
3911
3912
3913
3916
3917
3918
3919
3920
3921
3922
3923
3924
3927
3930
3931
3932
3934
3936
3940
3942
3943
3945
3946
3948
3949
3950
3951
3952
3953
3954
3955
3956
['56eb3465-e37b-4051-a1e6-5c2acf62a0b3', '27dbf143-7a26-4c96-a105-d792d105b365', '2c3d0533-9e9b-48b7-8854-77d1e542584e', '89001c38-88e2-40ee-b2bc-be4bbb86c171', '84273508-769f-45d0-b362-cbf438562d44', '56d5e4bb-2df1-45f3-82a4-51fe3ddb73e2', 'e182e280-8dbe-476e-9401-a5a4cb71fbc5', '55500b61-4325-4472-bb13-5442ede1dacb', '9fc149e6-ff97-43a1-a8cc-f31a240f4dea', '97571df6-4bc8-4189-bdf7-b639f8c13b6d', '58914950-330f-4165-b32e-23fc149aad47', '67c10028-8740-4a6d-bde2-e64ce356f6fc', 'c67cc626-5642-429b-a458-dd36c8b47960', '03c876f4-487f-483b-8171-82cd9de740c8', '7948b701-e5cf-4633-b69c-52cd2c7d934e', '222865f3-8be0-4f8e-86da-f9829ce69b2a', '79fd3db6-d4b3-425e-b986-0c3e3e0e41b0', '7591907e-5bb6-4342-8483-e723f33df91c', 'ce43d7f8-2898-44b5-8bd6-14b7f2d2baa6', 'c766d958-8e33-4d25-8906-2f0a0a09ec12', '643902c7-1ebd-4f8b-b6f0-35bb4059c581', '8dc7320f-9832-4115-ba2f-e98f29ac6d58', '30de9f2a-1ab3-402a-864b-a1a4a418a711', 'da98cdcd-b1da-4956-82e4-7cf7db853a06', '144159d0-46e6-4556-a781-0954d40ff1c8', '97a96721-0166-4094-8711-6d2905c62e03', '9559b654-2b4a-4b20-9211-873905f4c16b', '21ffc130-784b-462b-9930-6e0efd4ab78d', '14dff8f0-38c6-4039-91b5-c3a86569a6a4', '1f67b929-19c8-435e-94ea-275a5da65c1f', '1a0517e4-b85f-4a7d-8f66-f5f304c3a81c', 'b5e73a50-cc1d-46d2-a80c-a830f3191b67', '6157d657-495e-481a-877d-678282764ff8', 'bb07a334-93fc-4e68-a233-acbd89810bea', 'ba5fcc16-f3cf-40aa-8bde-96317b272219', '19877bce-0e7d-41a4-ab3e-38b5dde1477a', 'f0f35282-11be-46be-90af-cf3d1008a915', '719766aa-5986-4ca7-a4fe-1ac2e72172d2', '640559c8-3399-47a3-8a74-9172f9d67b6f', '91a402b0-e587-4723-a39c-e54e67c8cc2e', '0718834c-0c19-4a43-99a0-2fd673b4d3ab', '62971fdb-857b-4186-ba39-c901c4c339d8', 'e129afaa-e6b0-4352-a267-0bf8a4ed0cfa', 'd9a5a1ff-e8da-4345-abce-ff0715fece28', 'f1dcfaca-479e-4ae4-b7f4-e898d5ac7971', 'c49f6d6b-fed7-4f76-a198-dd788452e944', '74c006a0-da4b-407d-8a89-6759ab20026c', 'db815a99-0003-43ff-9359-650c15ae5bb4', '8b0999c5-d113-42c5-9c14-2212b9619d5d', 'abb52440-15cf-4a8f-ae3f-e015324626c8']
