1
3
4
5
6
8
10
12
13
15
16
17
18
19
22
25
27
28
29
30
31
33
34
36
39
40
41
42
43
44
45
48
50
51
52
54
55
56
58
61
63
64
65
66
68
69
70
71
72
73
74
75
76
78
79
81
83
84
85
86
88
90
92
93
95
96
97
98
99
102
105
107
108
109
110
111
113
114
116
119
120
121
122
123
124
125
127
128
130
131
132
134
135
138
140
143
144
145
146
148
149
150
151
152
153
154
155
156
158
159
161
163
164
165
166
168
170
172
173
175
176
177
178
179
182
185
187
188
189
190
191
193
194
196
198
199
200
201
202
203
204
205
208
210
211
212
214
215
218
220
223
224
225
226
228
229
230
231
232
233
234
235
236
238
239
241
243
244
245
246
248
250
252
253
255
256
257
258
262
265
267
268
269
270
271
273
274
276
279
280
281
282
283
284
285
287
288
290
291
292
294
295
298
300
301
303
304
305
306
308
309
310
311
312
313
314
315
316
318
319
321
323
324
325
326
328
330
332
333
335
336
337
338
339
342
345
347
348
349
350
351
353
354
356
359
360
361
362
363
364
365
367
368
370
371
372
374
375
378
380
383
384
385
386
388
389
390
391
392
393
394
395
396
398
399
401
403
404
405
406
408
412
413
415
416
417
418
419
422
425
427
428
429
430
431
433
434
436
439
440
441
442
443
444
445
447
448
450
451
452
454
455
458
460
461
463
464
465
466
468
469
470
471
472
473
474
475
476
478
479
481
483
484
485
486
488
490
492
493
495
496
497
498
501
502
505
507
508
509
510
511
513
514
516
519
520
521
522
523
524
525
527
528
530
531
532
534
535
538
541
543
544
545
546
548
549
550
551
552
553
554
555
556
558
559
561
563
564
565
566
568
570
572
573
575
576
577
578
579
582
583
585
587
588
589
590
591
593
594
596
599
600
601
602
603
604
605
608
610
611
612
614
615
618
620
623
624
625
626
628
629
630
631
632
633
634
635
636
638
639
641
643
644
645
646
648
650
652
653
655
656
657
658
659
662
665
667
668
669
670
671
673
674
676
679
680
681
682
683
684
685
688
690
691
692
694
695
696
698
700
703
704
705
706
708
709
710
711
712
713
714
715
716
718
719
721
723
724
725
726
728
729
732
733
735
736
737
738
739
742
745
747
748
749
750
751
753
754
756
759
760
761
762
763
764
765
768
770
771
772
774
775
778
780
781
783
784
785
786
787
788
789
791
792
793
794
795
796
798
799
801
803
804
805
806
808
812
813
815
816
817
818
822
825
827
828
829
830
831
833
834
836
839
840
841
842
843
844
845
847
848
850
851
852
854
855
856
858
860
861
863
864
865
866
867
868
869
870
871
872
873
874
875
876
878
879
881
883
884
885
886
888
890
892
893
895
896
897
898
899
902
905
907
908
909
910
911
913
914
916
918
919
920
921
922
923
924
925
928
930
931
932
934
935
938
940
941
943
944
945
946
947
948
949
951
952
953
954
955
956
958
959
961
963
964
965
966
968
970
972
973
975
976
977
978
981
982
985
987
988
989
990
991
993
994
996
998
999
1000
1001
1002
1003
1004
1005
1007
1008
1010
1011
1012
1014
1015
1016
1018
1023
1024
1025
1026
1028
1029
1031
1032
1033
1034
1035
1036
1038
1039
1041
1043
1044
1045
1046
1048
1052
1053
1055
1056
1057
1058
1059
1062
1065
1067
1068
1069
1070
1071
1073
1074
1076
1079
1080
1081
1082
1083
1084
1085
1088
1090
1091
1092
1094
1095
1096
1098
1100
1103
1104
1105
1106
1107
1108
1109
1110
1111
1112
1113
1114
1115
1116
1118
1119
1121
1123
1124
1125
1126
1128
1132
1133
1135
1136
1137
1138
1139
1142
1145
1147
1148
1149
1150
1151
1153
1154
1156
1159
1160
1161
1162
1163
1164
1165
1168
1170
1171
1172
1174
1175
1176
1178
1180
1181
1183
1184
1185
1186
1187
1188
1189
1190
1191
1192
1193
1194
1195
1196
1198
1199
1201
1203
1204
1205
1206
1208
1210
1212
1213
1215
1216
1217
1218
1222
1225
1227
1228
1229
1230
1231
1233
1234
1236
1239
1240
1241
1242
1243
1244
1245
1248
1250
1251
1252
1254
1255
1256
1258
1260
1261
1263
1264
1265
1266
1268
1269
1270
1271
1272
1273
1274
1275
1276
1278
1279
1281
1283
1284
1285
1286
1288
1290
1292
1293
1295
1296
1297
1298
1299
1302
1305
1308
1309
1310
1311
1313
1314
1316
1318
1319
1320
1321
1322
1323
1324
1325
1327
1328
1330
1331
1332
1334
1335
1338
1341
1343
1344
1345
1346
1348
1349
1350
1351
1352
1353
1354
1355
1356
1358
1359
1361
1363
1364
1365
1366
1368
1372
1373
1375
1376
1377
1378
1379
1382
1385
1387
1388
1389
1390
1391
1393
1394
1396
1399
1400
1401
1402
1403
1404
1405
1408
1410
1411
1412
1414
1415
1416
1418
1420
1421
1423
1424
1425
1426
1428
1429
1430
1431
1432
1433
1434
1435
1436
1438
1439
1441
1443
1444
1445
1446
1448
1452
1453
1455
1456
1457
1458
1459
1461
1462
1465
1467
1468
1469
1470
1471
1473
1474
1476
1478
1479
1480
1481
1482
1483
1484
1485
1487
1488
1490
1491
1492
1494
1495
1498
1503
1504
1505
1506
1508
1509
1510
1511
1512
1513
1514
1515
1516
1518
1519
1521
1523
1524
1525
1526
1528
1530
1532
1533
1535
1536
1537
1538
1542
1543
1545
1547
1548
1549
1550
1551
1553
1554
1556
1558
1559
1560
1561
1562
1563
1564
1565
1568
1570
1571
1572
1574
1575
1578
1580
1583
1584
1585
1586
1588
1589
1590
1591
1592
1593
1594
1595
1596
1598
1599
1601
1603
1604
1605
1606
1608
1610
1612
1613
1615
1616
1617
1618
1619
1621
1622
1625
1627
1628
1629
1630
1631
1633
1634
1636
1639
1640
1641
1642
1643
1644
1645
1648
1650
1651
1652
1654
1655
1656
1658
1660
1663
1664
1665
1666
1668
1669
1670
1671
1672
1673
1674
1675
1676
1678
1679
1681
1683
1684
1685
1686
1688
1690
1692
1693
1695
1696
1697
1698
1702
1705
1707
1708
1709
1710
1711
1713
1714
1716
1719
1720
1721
1722
1723
1724
1725
1727
1728
1730
1731
1732
1734
1735
1736
1738
1740
1743
1744
1745
1746
1748
1749
1750
1751
1752
1753
1754
1755
1756
1758
1759
1761
1763
1764
1765
1766
1768
1772
1773
1775
1776
1777
1778
1779
1782
1785
1787
1788
1789
1790
1791
1793
1794
1796
1799
1800
1801
1802
1803
1804
1805
1808
1810
1811
1812
1814
1815
1816
1818
1821
1823
1824
1825
1826
1828
1829
1830
1831
1832
1833
1834
1835
1836
1838
1839
1841
1843
1844
1845
1846
1848
1850
1852
1853
1855
1856
1857
1858
1859
1862
1865
1867
1868
1869
1870
1871
1873
1874
1876
1879
1880
1881
1882
1883
1884
1885
1887
1888
1890
1891
1892
1894
1895
1898
1900
1903
1904
1905
1906
1907
1908
1909
1910
1911
1912
1913
1914
1915
1916
1918
1919
1921
1923
1924
1925
1926
1928
1932
1933
1935
1936
1937
1938
1939
1942
1945
1947
1948
1949
1950
1951
1953
1954
1956
1958
1959
1960
1961
1962
1963
1964
1965
1967
1968
1970
1971
1972
1974
1975
1978
1983
1984
1985
1986
1988
1989
1990
1991
1992
1993
1994
1995
1996
1998
1999
2001
2003
2004
2005
2006
2008
2012
2013
2015
2016
2017
2018
2019
2022
2025
2026
2027
2028
2029
2030
2031
2033
2034
2036
2039
2040
2041
2042
2043
2044
2045
2048
2050
2051
2052
2054
2055
2056
2058
2060
2063
2064
2065
2066
2068
2069
2070
2071
2072
2073
2074
2075
2076
2078
2079
2081
2083
2084
2085
2086
2088
2090
2092
2093
2095
2096
2097
2098
2099
2102
2105
2107
2108
2109
2110
2111
2113
2114
2116
2119
2120
2121
2122
2123
2124
2125
2127
2128
2130
2131
2132
2134
2135
2136
2138
2140
2143
2144
2145
2146
2148
2149
2151
2152
2153
2154
2155
2156
2158
2159
2161
2163
2164
2165
2166
2168
2170
2172
2173
2175
2176
2177
2178
2179
2182
2185
2187
2188
2189
2190
2191
2193
2194
2196
2199
2200
2201
2202
2203
2204
2205
2207
2208
2210
2211
2212
2214
2215
2218
2220
2223
2224
2225
2226
2228
2229
2230
2231
2232
2233
2234
2235
2236
2238
2239
2241
2243
2244
2245
2246
2248
2252
2253
2255
2256
2257
2258
2262
2265
2267
2268
2269
2270
2271
2273
2274
2276
2279
2280
2281
2282
2283
2284
2285
2287
2288
2290
2291
2292
2294
2295
2296
2298
2300
2301
2303
2304
2305
2306
2308
2309
2310
2311
2312
2313
2314
2315
2316
2318
2319
2321
2323
2324
2325
2326
2328
2329
2332
2333
2335
2336
2337
2338
2339
2342
2345
2347
2348
2349
2350
2351
2353
2354
2356
2358
2359
2360
2361
2362
2363
2364
2365
2367
2368
2370
2371
2372
2374
2375
2378
2380
2383
2384
2385
2386
2388
2389
2390
2391
2392
2393
2394
2395
2396
2398
2399
2401
2403
2404
2405
2406
2408
2410
2412
2413
2415
2416
2417
2418
2422
2425
2427
2428
2429
2430
2431
2433
2434
2436
2439
2440
2441
2442
2443
2444
2445
2447
2448
2450
2451
2452
2454
2455
2456
2458
2460
2463
2464
2465
2466
2468
2469
2470
2471
2472
2473
2474
2475
2476
2478
2479
2481
2483
2484
2485
2486
2488
2490
2492
2493
2495
2496
2497
2498
2502
2505
2507
2508
2509
2510
2511
2513
2514
2516
2519
2520
2521
2522
2523
2524
2525
2527
2528
2530
2531
2532
2534
2535
2536
2538
2540
2543
2544
2545
2546
2548
2549
2550
2551
2552
2553
2554
2555
2556
2558
2559
2561
2563
2564
2565
2566
2568
2570
2572
2573
2575
2576
2577
2578
2582
2585
2587
2588
2589
2590
2591
2593
2594
2596
2599
2600
2601
2602
2603
2604
2605
2608
2610
2611
2612
2614
2615
2618
2620
2623
2624
2625
2626
2627
2628
2629
2630
2631
2632
2633
2634
2635
2636
2638
2639
2640
2641
2643
2644
2645
2646
2648
2650
2652
2653
2655
2656
2657
2658
2659
2662
2665
2667
2668
2669
2670
2671
2673
2674
2676
2679
2680
2681
2682
2683
2684
2685
2687
2688
2690
2691
2692
2694
2695
2696
2700
2703
2704
2705
2706
2708
2709
2710
2711
2712
2713
2714
2715
2716
2718
2719
2721
2723
2724
2725
2726
2728
2730
2732
2733
2735
2736
2737
2738
2739
2742
2745
2747
2748
2749
2750
2751
2753
2754
2756
2759
2760
2761
2762
2763
2764
2765
2767
2768
2770
2771
2772
2774
2775
2776
2780
2783
2784
2785
2786
2787
2788
2789
2790
2791
2792
2793
2794
2795
2796
2798
2799
2801
2803
2804
2805
2806
2808
2812
2813
2815
2816
2817
2818
2819
2822
2825
2827
2828
2829
2830
2831
2833
2834
2836
2838
2839
2840
2841
2842
2843
2844
2845
2848
2850
2851
2852
2854
2855
2860
2861
2863
2864
2865
2866
2867
2868
2869
2870
2871
2872
2873
2874
2875
2876
2878
2879
2881
2883
2884
2885
2886
2888
2890
2892
2893
2895
2896
2897
2898
2899
2902
2905
2907
2908
2909
2910
2911
2913
2914
2916
2919
2920
2921
2922
2923
2924
2925
2928
2930
2931
2932
2934
2935
2936
2938
2940
2941
2943
2944
2945
2946
2947
2948
2949
2950
2951
2952
2953
2954
2955
2956
2958
2959
2961
2963
2964
2965
2966
2968
2970
2972
2973
2975
2976
2977
2978
2979
2982
2985
2987
2988
2989
2990
2991
2993
2994
2996
2999
3000
3001
3002
3003
3004
3005
3008
3010
3011
3012
3014
3015
3016
3018
3020
3023
3024
3025
3026
3028
3029
3030
3031
3032
3033
3034
3035
3036
3038
3039
3041
3043
3044
3045
3046
3048
3050
3052
3053
3055
3056
3057
3058
3059
3062
3065
3067
3068
3069
3070
3071
3073
3074
3076
3078
3079
3080
3081
3082
3083
3084
3085
3088
3090
3091
3092
3094
3095
3096
3098
3103
3104
3105
3106
3108
3109
3110
3111
3112
3113
3114
3115
3116
3118
3119
3121
3123
3124
3125
3126
3128
3132
3133
3135
3136
3137
3138
3139
3142
3145
3147
3148
3149
3150
3151
3153
3154
3156
3158
3159
3160
3161
3162
3164
3165
3167
3168
3170
3171
3172
3174
3175
3176
3178
3183
3184
3185
3186
3188
3189
3190
3191
3192
3193
3194
3195
3196
3198
3199
3201
3203
3204
3205
3206
3208
3210
3212
3213
3215
3216
3217
3218
3221
3222
3225
3227
3228
3229
3230
3231
3233
3234
3236
3239
3240
3241
3242
3243
3244
3245
3248
3250
3251
3252
3254
3255
3258
3260
3263
3264
3265
3266
3267
3268
3269
3270
3271
3272
3273
3274
3275
3276
3278
3279
3281
3283
3284
3285
3286
3288
3290
3292
3293
3295
3296
3297
3298
3299
3302
3305
3307
3308
3309
3310
3311
3313
3314
3316
3319
3320
3321
3322
3323
3324
3325
3328
3330
3331
3332
3334
3335
3338
3340
3341
3343
3344
3345
3346
3348
3349
3350
3351
3352
3353
3354
3355
3356
3358
3359
3361
3363
3364
3365
3366
3368
3370
3372
3373
3375
3376
3377
3378
3379
3382
3385
3387
3388
3389
3390
3391
3393
3394
3396
3399
3400
3401
3402
3403
3404
3405
3408
3410
3411
3412
3414
3415
3416
3418
3420
3423
3424
3425
3426
3428
3429
3430
3431
3432
3433
3434
3435
3436
3438
3439
3441
3443
3444
3445
3446
3452
3453
3455
3456
3457
3458
3459
3462
3465
3467
3468
3469
3470
3471
3473
3474
3476
3479
3480
3481
3482
3483
3484
3485
3487
3488
3490
3491
3492
3494
3495
3496
3498
3500
3503
3504
3505
3506
3508
3509
3510
3511
3512
3513
3514
3515
3516
3518
3519
3521
3523
3524
3525
3526
3528
3530
3532
3533
3535
3536
3537
3538
3539
3542
3545
3547
3548
3549
3550
3551
3553
3554
3556
3559
3560
3561
3562
3563
3564
3565
3568
3570
3571
3572
3574
3575
3578
3580
3581
3583
3584
3585
3586
3588
3589
3590
3591
3592
3593
3594
3595
3596
3598
3599
3601
3603
3604
3605
3606
3608
3610
3612
3613
3615
3616
3617
3618
3619
3622
3625
3627
3628
3629
3630
3631
3633
3634
3636
3638
3639
3640
3641
3642
3643
3644
3645
3648
3650
3651
3652
3654
3655
3658
3660
3663
3664
3665
3666
3668
3669
3670
3671
3672
3673
3674
3675
3676
3678
3679
3681
3683
3684
3685
3686
3688
3690
3692
3693
3695
3696
3697
3698
3702
3705
3707
3708
3709
3710
3711
3713
3714
3716
3718
3719
3720
3721
3722
3723
3724
3725
3728
3730
3731
3732
3734
3735
3738
3741
3743
3744
3745
3746
3748
3749
3750
3751
3752
3753
3754
3755
3756
3758
3759
3761
3763
3764
3765
3766
3768
3770
3772
3773
3775
3776
3777
3778
3779
3782
3785
3787
3788
3789
3790
3791
3793
3794
3796
3799
3800
3801
3802
3803
3804
3805
3808
3810
3811
3812
3814
3815
3816
3818
3820
3823
3824
3825
3826
3827
3828
3829
3831
3832
3833
3834
3835
3836
3838
3839
3841
3843
3844
3845
3846
3848
3850
3852
3853
3855
3856
3857
3858
3862
3865
3867
3868
3869
3870
3871
3873
3874
3876
3878
3879
3880
3881
3882
3883
3884
3885
3887
3888
3890
3891
3892
3894
3895
3900
3903
3904
3905
3906
3907
3908
3909
3910
3911
3912
3913
3914
3915
3916
3918
3919
3920
3921
3922
3923
3924
3925
3926
3927
3930
3931
3934
3935
3938
3939
3940
3941
3942
3945
3946
3948
3949
3950
3951
3952
3953
3955
3956
['2034acc6-4816-4bcd-8876-f56ccf0f95c3', 'bdb70244-f532-43d9-b5be-20ab79fefab4', '80821025-2346-4d42-b42c-f93820c4199b', '06e9e718-3ef8-4c2c-85b8-4ad69e23bdbe', '804efcb6-ef46-427e-b6b8-8b6c5d2ddbba', 'c5064bdd-47da-4d48-b902-9d8debc9a3a7', '44bb1ce2-3790-4e35-a94c-b424aa88ff3a', '3e08ca72-0450-41dd-8b0a-ca42ea4980eb', 'f815130a-455b-4128-8624-b4e1db9115d9', '90ef1095-7e74-42ba-8189-2c11a1694ffb', '4f63b147-6ca9-4f8d-8223-89572559f9f0', '98f5697d-8100-4cc7-8dac-71f6dc20bcc3', 'c192015a-728e-4055-b87c-7fb4009a683e', 'f74cb762-6098-4e99-8046-5ef0337297bb', 'fad6f430-37bd-48ca-849b-7f65cc04bd77', '444f60a5-7376-4a31-a341-4ea689aefa86', '43e43bf3-66f7-4494-8652-2afeb54b40c3', 'ae62ded2-af94-4433-9c33-b6bc8d8e68f8', '4d931e7f-d5dd-4213-b03a-db4b4fb36b0a', '3166e5e0-72b0-42b6-a3a0-d35e3ca697a8', 'f53a6a3b-6f3e-4d5c-aac4-3c6528f06432', '035d23a8-1d84-41e3-81d6-7a8133d0ee52', '151782a8-b672-44f2-a235-d3899d3d9ffc', '4161be68-5849-416c-be87-5a29cbf700a5', 'd60e446f-50b7-4cbb-b6fd-286176906db9', '833f2123-563a-49b2-91e1-fdb2e12a5d1b', '4c790f1e-67f9-43b1-a4a0-6f21bac84ae4', 'ed605be2-ea62-4a04-90b4-b8ef42eb6af7', '9485c0ac-eced-4192-b214-0c1f6470b792', '7b0428ae-b7e3-406c-9f82-51202eb5dda8', '5948493d-171d-4b92-9918-ff51c03502f6', 'b430cd0c-0763-4a96-b98a-f6f5cf90d511', '8fd59072-4ad7-4b97-a8ed-9a27ea9309bd', '4542fbc6-d9e5-4418-8d7a-4bdef5fe8233', '28e9cab5-6a0e-47ed-8551-40b774dea39f', '6b951036-b237-474a-beab-09dcb5f94c14', '1a2a0d22-d125-4ee1-ad29-0d3d85eca1c9', '578e69cd-96f9-4291-9696-b5ba5fc48ffe', '7e67fb18-7a40-49a4-80f9-f1e172a39807', '6641803f-d241-44c7-858d-3023907b3330', 'ce2a59c0-6551-41de-a4e3-ff4dc64c56a0', '746595bc-d3d2-40a3-963d-b8356036eda0', 'db446f10-61ee-4472-9d87-98ddea476fba', 'ca45015b-cd05-43a5-98ba-09ca708269ae', '531e0e53-becd-4b49-b76e-d43b82fe2af3', '0bd71d4c-5584-432e-a17f-facfc3883267', '8ac07f94-afea-4098-9e34-a1f10143ad86', '5c656384-17ce-4f36-a3da-e71062a4b1f7', '377bcee6-c914-468f-9047-25e8eaf65623', '7ac974c6-7101-4c3a-a74f-e49a83d27090']
