0
1
2
3
4
6
7
9
10
12
14
16
17
18
19
20
21
22
23
24
26
29
30
32
33
34
35
36
37
41
42
43
44
45
46
47
50
52
53
54
55
56
58
59
60
61
62
63
64
66
68
69
70
71
72
73
75
76
77
78
81
83
85
86
87
88
89
91
92
94
95
96
97
98
99
100
102
103
104
105
106
107
109
112
114
115
116
117
118
119
120
122
123
124
125
126
127
128
130
131
132
134
135
137
138
139
141
142
143
145
146
147
149
150
151
153
154
157
158
159
160
161
162
164
165
166
167
168
169
170
172
173
174
175
178
180
181
182
183
184
186
188
191
192
194
195
196
198
199
200
201
202
203
204
205
206
208
211
213
214
217
220
221
222
223
224
225
226
227
228
229
230
231
232
234
235
236
237
238
239
240
241
242
243
244
245
246
249
250
251
252
254
256
257
258
259
261
262
263
265
266
268
270
272
273
277
281
282
283
285
286
287
288
289
290
291
292
293
294
295
296
297
298
299
300
301
303
304
306
307
309
310
311
312
313
314
315
317
318
319
320
321
322
323
325
327
328
329
330
331
332
333
336
337
338
339
340
341
342
343
344
345
346
348
349
351
352
354
355
356
357
358
360
361
362
367
368
370
371
372
373
374
375
377
378
380
381
382
384
386
387
388
391
392
393
394
395
396
397
399
400
401
404
405
406
407
408
410
412
414
417
418
420
422
425
426
427
428
429
430
432
433
434
435
436
437
438
439
440
441
442
443
444
445
446
447
448
449
450
451
452
453
454
455
456
457
460
463
465
466
467
470
471
473
474
475
476
477
478
479
480
481
482
484
486
488
489
490
492
493
494
495
498
499
500
501
505
507
509
510
511
512
513
515
516
517
519
522
523
524
525
526
527
528
529
531
532
533
534
535
536
537
538
539
541
542
543
544
545
546
548
549
550
551
552
553
555
556
558
559
560
562
565
566
567
568
569
570
571
574
575
579
580
581
582
583
584
585
587
588
589
590
591
593
594
595
596
597
601
602
603
604
605
607
608
609
610
611
612
613
615
617
618
619
620
621
622
624
625
626
628
629
630
631
632
633
635
636
638
639
640
641
643
644
645
648
650
651
652
653
654
655
656
657
658
659
661
662
663
664
665
666
667
670
671
672
673
674
676
677
678
680
681
682
683
684
685
688
689
690
691
692
693
694
696
697
698
701
704
705
707
708
709
710
711
712
715
716
718
719
720
723
724
725
727
729
731
732
733
735
736
737
738
739
740
741
742
743
744
746
747
748
750
754
755
756
757
758
759
760
761
762
763
764
765
766
767
769
770
771
772
773
777
779
781
782
783
785
786
787
788
789
790
791
792
793
796
797
799
800
801
802
803
804
805
806
807
808
809
810
812
813
814
815
816
817
818
819
820
822
823
825
827
828
829
830
831
832
835
837
838
839
841
842
843
845
846
847
849
852
853
854
856
857
859
860
861
862
863
865
866
867
868
869
870
873
877
878
879
880
881
882
883
884
887
888
889
890
891
893
894
896
898
899
900
901
905
907
908
909
910
911
912
913
914
915
916
917
918
920
921
922
923
924
925
927
928
929
931
932
933
934
935
936
938
941
942
944
945
946
950
951
952
953
954
956
958
961
962
963
966
967
968
970
971
972
973
975
976
977
978
979
980
981
982
983
985
987
989
990
991
992
993
994
995
996
997
998
1001
1002
1003
1004
1006
1007
1008
1010
1011
1012
1013
1014
1015
1016
1017
1018
1019
1021
1022
1024
1028
1029
1030
1031
1032
1033
1035
1036
1037
1039
1041
1042
1043
1045
1046
1047
1048
1049
1051
1053
1054
1055
1056
1058
1059
1060
1061
1062
1063
1064
1066
1067
1068
1070
1071
1072
1073
1074
1075
1076
1077
1078
1079
1080
1081
1084
1086
1087
1088
1089
1091
1093
1095
1096
1097
1099
1100
1101
1104
1105
1106
1108
1109
1111
1112
1113
1114
1115
1116
1118
1120
1121
1122
1123
1124
1125
1127
1128
1129
1131
1133
1134
1135
1136
1137
1138
1139
1140
1142
1145
1146
1147
1149
1150
1152
1154
1155
1156
1157
1158
1159
1160
1161
1162
1163
1164
1165
1166
1167
1168
1169
1171
1172
1173
1174
1175
1177
1179
1181
1182
1183
1185
1190
1191
1192
1193
1194
1195
1198
1199
1201
1202
1203
1204
1205
1208
1209
1210
1211
1212
1214
1215
1216
1217
1218
1220
1223
1224
1225
1226
1228
1230
1231
1233
1236
1237
1238
1239
1242
1244
1245
1246
1247
1248
1249
1250
1251
1253
1254
1256
1257
1258
1259
1260
1261
1262
1263
1264
1265
1266
1268
1269
1270
1271
1272
1273
1274
1277
1278
1279
1280
1281
1282
1283
1284
1285
1286
1287
1288
1289
1290
1291
1292
1293
1294
1295
1296
1297
1298
1299
1300
1301
1302
1303
1306
1309
1311
1314
1315
1316
1319
1320
1321
1324
1325
1326
1327
1328
1329
1330
1331
1334
1335
1336
1339
1340
1342
1343
1345
1346
1348
1349
1351
1352
1353
1354
1355
1356
1357
1358
1359
1360
1361
1362
1365
1366
1367
1370
1372
1373
1374
1375
1376
1377
1378
1379
1380
1381
1382
1383
1384
1386
1387
1388
1390
1391
1395
1396
1397
1398
1399
1400
1401
1402
1404
1405
1409
1411
1413
1414
1415
1416
1417
1418
1419
1422
1423
1424
1425
1426
1427
1429
1430
1431
1434
1435
1436
1438
1439
1440
1441
1442
1443
1444
1445
1446
1448
1449
1452
1453
1454
1456
1457
1458
1459
1461
1463
1464
1465
1466
1468
1469
1470
1472
1474
1476
1477
1478
1479
1480
1482
1484
1485
1486
1487
1488
1489
1490
1491
1494
1495
1497
1499
1500
1501
1502
1504
1505
1506
1507
1510
1511
1513
1515
1517
1518
1519
1521
1522
1523
1524
1525
1526
1527
1528
1529
1530
1531
1532
1533
1534
1537
1538
1539
1540
1542
1543
1544
1546
1547
1548
1550
1552
1553
1556
1557
1558
1559
1561
1562
1563
1564
1565
1566
1567
1568
1569
1570
1571
1572
1573
1575
1576
1577
1578
1582
1584
1585
1586
1587
1588
1591
1593
1595
1596
1597
1598
1600
1601
1604
1606
1609
1610
1611
1612
1613
1614
1615
1616
1617
1618
1619
1620
1622
1623
1624
1625
1626
1627
1628
1629
1630
1631
1632
1634
1636
1637
1639
1640
1641
1643
1644
1645
1646
1649
1650
1651
1652
1654
1655
1656
1657
1659
1660
1662
1663
1664
1665
1666
1667
1668
1670
1671
1672
1673
1675
1676
1677
1679
1680
1681
1682
1683
1684
1685
1686
1687
1688
1689
1690
1691
1692
1693
1694
1695
1696
1698
1699
1700
1701
1702
1704
1706
1708
1709
1710
1711
1712
1713
1714
1716
1717
1719
1720
1722
1723
1724
1725
1726
1728
1730
1732
1736
1738
1740
1742
1744
1745
1746
1747
1749
1750
1751
1753
1754
1755
1758
1759
1760
1761
1762
1763
1764
1767
1768
1769
1770
1771
1772
1773
1774
1775
1779
1780
1782
1783
1784
1785
1786
1787
1789
1790
1791
1792
1793
1794
1795
1796
1798
1799
1800
1801
1802
1803
1804
1806
1809
1810
1811
1813
1815
1818
1819
1821
1822
1823
1824
1826
1827
1828
1829
1830
1831
1832
1833
1834
1835
1836
1838
1839
1840
1841
1842
1843
1844
1845
1847
1848
1850
1852
1853
1854
1856
1858
1860
1861
1862
1863
1864
1865
1866
1867
1872
1873
1875
1876
1877
1878
1879
1880
1882
1885
1886
1887
1889
1890
1891
1892
1893
1894
1896
1898
1899
1900
1902
1903
1905
1906
1908
1911
1912
1917
1919
1920
1921
1922
1923
1924
1925
1926
1927
1929
1930
1931
1932
1933
1934
1935
1936
1937
1938
1940
1941
1942
1943
1944
1945
1946
1947
1948
1949
1950
1952
1953
1954
1955
1957
1960
1961
1962
1963
1964
1966
1968
1969
1971
1972
1973
1975
1976
1977
1979
1980
1981
1983
1985
1987
1988
1989
1990
1992
1993
1994
1995
1996
1999
2000
2001
2002
2004
2005
2006
2008
2010
2011
2012
2013
2014
2015
2016
2018
2019
2021
2022
2023
2024
2025
2026
2027
2028
2029
2030
2031
2032
2033
2034
2035
2036
2039
2040
2041
2042
2043
2045
2048
2049
2051
2052
2053
2055
2056
2059
2060
2061
2062
2063
2064
2065
2066
2067
2068
2069
2070
2073
2075
2076
2077
2078
2079
2080
2082
2083
2084
2085
2086
2088
2092
2093
2094
2095
2096
2097
2099
2100
2101
2104
2108
2110
2111
2112
2114
2115
2116
2117
2118
2119
2120
2121
2123
2124
2125
2126
2127
2128
2129
2130
2131
2134
2135
2137
2138
2139
2140
2141
2142
2143
2145
2146
2147
2148
2149
2150
2151
2152
2153
2155
2156
2157
2158
2159
2160
2161
2162
2163
2164
2165
2168
2170
2171
2172
2173
2175
2177
2180
2182
2185
2186
2187
2188
2189
2190
2191
2192
2194
2196
2197
2198
2199
2201
2203
2204
2207
2208
2209
2210
2211
2212
2215
2216
2217
2218
2220
2222
2223
2224
2225
2226
2228
2231
2235
2236
2237
2238
2239
2241
2242
2243
2244
2245
2246
2247
2248
2250
2251
2253
2254
2255
2256
2257
2258
2259
2260
2261
2263
2265
2266
2267
2268
2269
2272
2274
2275
2276
2277
2278
2280
2281
2282
2283
2284
2285
2286
2288
2289
2292
2293
2294
2295
2296
2297
2298
2299
2300
2301
2303
2304
2306
2307
2308
2310
2311
2312
2313
2315
2316
2317
2318
2321
2322
2324
2325
2326
2328
2329
2330
2331
2332
2333
2334
2335
2338
2339
2341
2342
2343
2344
2345
2346
2347
2348
2351
2352
2353
2354
2355
2357
2359
2361
2362
2364
2365
2367
2368
2369
2370
2371
2372
2373
2376
2377
2378
2380
2382
2383
2386
2387
2388
2389
2390
2391
2392
2394
2396
2397
2398
2399
2400
2401
2402
2404
2405
2406
2407
2408
2409
2410
2411
2412
2413
2414
2415
2416
2417
2419
2420
2421
2422
2423
2426
2429
2432
2435
2436
2438
2440
2441
2442
2443
2444
2445
2446
2447
2449
2450
2452
2453
2454
2455
2456
2457
2459
2461
2463
2464
2467
2468
2469
2470
2471
2472
2473
2474
2475
2476
2478
2479
2480
2481
2483
2484
2485
2486
2488
2489
2491
2492
2493
2494
2495
2496
2497
2498
2499
2501
2502
2503
2504
2505
2506
2508
2510
2511
2513
2517
2518
2521
2523
2524
2525
2526
2527
2528
2529
2530
2532
2533
2534
2535
2536
2538
2540
2541
2543
2544
2546
2547
2548
2549
2551
2554
2555
2559
2560
2562
2563
2565
2566
2567
2568
2569
2570
2571
2572
2573
2574
2575
2576
2577
2578
2579
2580
2581
2582
2583
2584
2585
2586
2587
2588
2589
2590
2591
2592
2593
2594
2597
2598
2599
2600
2602
2603
2606
2607
2608
2610
2613
2614
2615
2616
2617
2618
2619
2620
2621
2622
2625
2626
2627
2628
2630
2631
2632
2634
2635
2637
2638
2639
2640
2641
2642
2644
2645
2647
2648
2650
2654
2655
2656
2657
2659
2660
2661
2662
2663
2664
2668
2669
2671
2672
2673
2674
2676
2677
2678
2679
2681
2682
2683
2684
2685
2686
2687
2690
2691
2692
2693
2694
2695
2696
2698
2700
2702
2703
2704
2706
2707
2708
2709
2710
2711
2712
2713
2714
2715
2719
2720
2721
2722
2725
2726
2730
2731
2733
2734
2735
2736
2737
2738
2739
2740
2741
2744
2745
2747
2748
2749
2750
2751
2752
2754
2755
2756
2757
2758
2759
2761
2762
2763
2764
2765
2766
2768
2770
2771
2772
2773
2774
2775
2776
2778
2779
2781
2782
2785
2786
2788
2789
2791
2792
2793
2795
2797
2800
2801
2804
2805
2806
2807
2808
2809
2810
2811
2812
2813
2815
2816
2817
2818
2820
2821
2823
2825
2826
2828
2829
2830
2831
2833
2834
2835
2836
2837
2838
2839
2840
2841
2842
2845
2846
2847
2848
2849
2850
2852
2855
2856
2857
2858
2859
2860
2862
2863
2867
2868
2869
2870
2872
2873
2874
2875
2876
2877
2878
2879
2880
2881
2882
2883
2884
2885
2886
2887
2889
2890
2891
2892
2894
2896
2898
2899
2900
2901
2902
2903
2904
2905
2909
2910
2911
2913
2914
2916
2917
2918
2919
2920
2921
2924
2925
2926
2928
2929
2930
2931
2932
2933
2934
2936
2937
2939
2940
2941
2942
2943
2944
2945
2948
2950
2951
2952
2953
2954
2955
2956
2957
2958
2959
2962
2963
2964
2966
2967
2968
2969
2970
2971
2972
2973
2974
2975
2977
2978
2979
2981
2982
2983
2985
2986
2987
2988
2989
2990
2993
2995
2997
2998
2999
3001
3004
3007
3008
3010
3011
3012
3013
3015
3016
3018
3019
3020
3021
3022
3023
3024
3025
3026
3027
3028
3029
3030
3031
3032
3035
3036
3037
3038
3039
3041
3043
3044
3046
3047
3048
3049
3050
3051
3054
3055
3056
3057
3061
3063
3064
3065
3066
3067
3068
3071
3072
3073
3074
3076
3077
3078
3081
3082
3084
3085
3086
3087
3088
3089
3091
3092
3093
3095
3096
3098
3099
3101
3102
3103
3104
3105
3106
3107
3108
3109
3110
3111
3112
3113
3114
3115
3118
3119
3121
3122
3123
3124
3125
3128
3131
3132
3133
3134
3135
3136
3137
3138
3140
3141
3142
3143
3145
3146
3147
3148
3149
3151
3152
3153
3154
3155
3158
3159
3162
3163
3165
3167
3168
3169
3170
3171
3172
3173
3174
3175
3178
3179
3180
3181
3182
3184
3185
3186
3187
3189
3191
3192
3193
3195
3199
3200
3201
3202
3203
3204
3205
3207
3210
3211
3212
3213
3214
3216
3217
3218
3220
3221
3222
3224
3225
3228
3229
3230
3231
3232
3233
3234
3236
3238
3239
3240
3241
3242
3243
3244
3246
3247
3248
3249
3250
3252
3254
3255
3256
3259
3260
3265
3268
3271
3273
3274
3275
3276
3277
3278
3279
3280
3281
3282
3283
3284
3285
3286
3287
3289
3290
3291
3292
3293
3294
3295
3296
3297
3298
3299
3300
3302
3303
3305
3306
3307
3308
3309
3310
3312
3313
3314
3315
3316
3317
3319
3320
3322
3324
3325
3327
3328
3329
3330
3331
3332
3333
3334
3335
3337
3338
3339
3341
3342
3343
3344
3345
3346
3347
3348
3350
3351
3352
3355
3356
3357
3358
3359
3362
3363
3364
3366
3367
3368
3369
3370
3372
3373
3374
3377
3380
3381
3383
3385
3386
3387
3388
3389
3390
3391
3393
3394
3395
3396
3397
3398
3400
3401
3404
3405
3406
3407
3408
3409
3410
3414
3415
3416
3418
3420
3421
3423
3424
3425
3426
3427
3428
3429
3430
3431
3432
3434
3435
3436
3437
3438
3441
3442
3444
3445
3446
3447
3448
3449
3451
3454
3456
3457
3458
3459
3460
3461
3463
3464
3465
3466
3468
3469
3471
3472
3474
3475
3476
3479
3480
3481
3482
3483
3484
3486
3487
3488
3489
3490
3491
3493
3494
3495
3496
3498
3499
3501
3502
3503
3504
3507
3508
3511
3512
3513
3515
3517
3518
3519
3520
3521
3522
3524
3526
3527
3528
3530
3531
3533
3534
3535
3537
3538
3539
3540
3541
3542
3543
3544
3545
3546
3549
3550
3551
3552
3553
3555
3557
3558
3559
3560
3562
3563
3564
3565
3566
3568
3570
3571
3572
3575
3576
3577
3579
3580
3581
3582
3583
3584
3586
3587
3588
3590
3592
3593
3594
3595
3596
3598
3599
3600
3602
3604
3605
3608
3611
3612
3613
3614
3615
3616
3617
3618
3619
3621
3622
3623
3624
3625
3626
3627
3629
3630
3631
3633
3635
3636
3637
3638
3639
3641
3643
3644
3646
3647
3648
3649
3650
3651
3652
3653
3654
3655
3657
3658
3659
3661
3663
3664
3666
3667
3669
3670
3671
3672
3673
3675
3676
3677
3679
3682
3683
3684
3685
3686
3687
3688
3690
3691
3693
3694
3695
3696
3698
3699
3700
3703
3704
3705
3706
3708
3709
3710
3711
3714
3715
3716
3717
3718
3720
3721
3722
3723
3724
3725
3727
3728
3729
3730
3732
3733
3734
3735
3736
3737
3740
3741
3743
3744
3746
3747
3748
3749
3752
3753
3754
3755
3756
3757
3758
3759
3760
3761
3762
3763
3764
3765
3766
3768
3770
3772
3775
3776
3777
3779
3780
3781
3785
3786
3787
3788
3790
3791
3793
3794
3796
3797
3798
3799
3800
3801
3802
3803
3804
3805
3806
3807
3808
3810
3811
3812
3813
3815
3816
3818
3819
3820
3822
3823
3824
3825
3826
3827
3828
3831
3834
3835
3837
3838
3840
3841
3842
3843
3844
3846
3847
3848
3850
3851
3853
3854
3855
3856
3858
3859
3860
3861
3862
3865
3867
3869
3870
3871
3873
3874
3875
3876
3878
3879
3880
3881
3882
3883
3885
3886
3887
3890
3891
3893
3894
3895
3896
3897
3898
3899
3901
3902
3903
3904
3905
3906
3907
3909
3911
3912
3913
3914
3915
3916
3917
3918
3919
3920
3921
3924
3925
3926
3927
3929
3930
3931
3933
3934
3935
3936
3939
3940
3941
3942
3943
3946
3947
3948
3950
3952
3953
['SA-557', 'SA-558', 'SA-559', 'SA-560', 'SA-561', 'SA-562', 'SA-563', 'SA-564', 'SA-565', 'SA-566', 'SA-567', 'SA-568', 'SA-569', 'SA-570', 'SA-571', 'SA-572', 'SA-573', 'SA-574', 'SA-575', 'SA-576', 'SA-577', 'SA-578', 'SA-579', 'SA-580', 'SA-581', 'SA-582', 'SA-583', 'SA-584', 'SA-585', 'SA-586', 'SA-587', 'SA-588', 'SA-589', 'SA-590', 'SA-591', 'SA-592', 'SA-593', 'SA-594', 'SA-595', 'SA-596', 'SA-597', 'SA-598', 'SA-599', 'SA-600', 'SA-601', 'SA-602', 'SA-603', 'SA-604', 'SA-605', 'SA-606']
