0
1
5
8
9
10
13
14
15
17
19
21
22
23
27
28
29
30
31
33
34
37
40
41
42
43
44
46
48
49
50
51
52
53
54
55
56
57
58
59
61
62
63
64
66
67
68
69
70
71
72
73
74
75
76
77
78
80
81
88
89
90
93
94
95
97
99
101
102
103
107
108
109
110
111
113
114
117
121
122
123
124
126
128
129
130
131
132
133
134
135
136
137
138
139
141
142
143
144
145
146
147
148
149
150
151
152
153
154
155
156
157
158
160
161
165
168
169
170
173
174
175
177
179
181
182
183
187
188
189
190
191
193
194
197
200
201
202
203
204
206
208
209
210
211
212
213
215
216
217
218
219
221
222
223
224
226
227
228
229
230
231
232
233
234
235
236
237
238
240
241
248
249
250
253
254
255
257
259
261
262
263
267
268
269
270
271
273
274
277
281
282
283
284
286
288
289
290
291
292
293
294
295
296
297
298
299
301
302
303
304
305
306
307
308
309
311
312
313
314
315
316
317
318
319
320
321
324
328
329
330
333
334
335
337
339
341
342
343
347
348
349
350
351
353
354
357
360
361
362
363
364
366
368
369
370
371
372
373
374
375
376
377
378
379
381
382
383
384
386
387
388
389
390
391
393
394
395
396
397
398
399
400
401
405
408
409
410
413
414
415
417
419
421
422
423
427
428
429
430
431
433
434
437
440
441
442
443
444
445
446
448
449
450
451
452
453
455
456
457
458
459
461
462
463
464
466
467
468
469
470
471
472
473
474
475
476
477
478
480
481
484
485
488
489
490
493
494
495
497
499
501
502
503
507
508
509
510
511
513
514
517
521
522
523
524
526
528
529
530
531
532
533
535
536
537
538
539
541
542
543
544
546
547
548
549
550
551
552
553
554
555
556
557
558
559
560
561
568
569
570
573
574
575
577
579
581
582
583
587
588
589
590
591
593
594
597
601
602
603
604
606
608
609
610
611
612
613
614
615
616
617
618
619
621
622
623
624
625
626
627
628
629
630
631
632
633
634
635
636
637
638
640
641
648
649
650
653
654
655
657
659
661
662
663
665
667
668
669
670
671
673
674
677
680
681
682
683
684
686
688
689
690
691
692
693
695
696
697
698
699
701
702
703
704
706
707
708
709
710
711
712
713
714
715
716
717
718
720
721
725
728
729
730
733
734
735
737
739
741
742
743
747
748
749
750
751
753
754
757
760
761
762
763
764
766
768
769
770
771
772
773
774
775
776
777
778
779
781
782
783
784
786
787
788
789
791
792
793
794
795
796
797
798
800
801
805
808
809
810
813
814
815
817
819
821
822
823
827
828
829
830
831
833
834
837
840
841
842
843
844
846
848
849
850
851
852
853
854
855
856
857
858
859
861
862
863
864
866
867
868
869
870
871
872
873
874
875
876
877
878
880
881
885
888
889
890
893
894
895
897
899
901
902
903
907
908
909
910
911
913
914
917
920
921
922
923
924
926
928
929
930
931
932
933
935
936
937
938
939
941
942
943
944
946
947
948
949
950
951
952
953
954
955
956
957
958
960
961
968
969
970
973
974
975
977
979
981
982
983
987
988
989
990
991
993
994
997
1001
1002
1003
1004
1006
1008
1009
1010
1011
1012
1013
1014
1015
1016
1017
1018
1019
1021
1022
1023
1024
1025
1026
1027
1028
1029
1030
1031
1032
1033
1034
1035
1036
1037
1038
1040
1041
1042
1048
1049
1050
1053
1054
1055
1057
1059
1061
1062
1063
1067
1068
1069
1070
1071
1073
1074
1077
1080
1081
1082
1083
1084
1086
1088
1089
1090
1091
1092
1093
1094
1095
1096
1097
1098
1099
1101
1102
1103
1104
1106
1107
1108
1109
1110
1111
1112
1113
1114
1115
1116
1117
1118
1120
1121
1125
1128
1129
1130
1133
1134
1135
1137
1139
1141
1142
1143
1147
1148
1149
1150
1151
1153
1154
1157
1160
1161
1162
1163
1164
1166
1168
1169
1170
1171
1172
1173
1175
1176
1177
1178
1179
1181
1182
1183
1184
1186
1187
1188
1189
1190
1191
1192
1193
1194
1195
1196
1197
1198
1200
1201
1205
1208
1209
1210
1213
1214
1215
1217
1219
1221
1222
1223
1227
1228
1229
1230
1231
1233
1234
1237
1241
1242
1243
1244
1246
1247
1248
1249
1250
1251
1252
1253
1254
1255
1257
1258
1259
1261
1262
1263
1264
1266
1267
1268
1269
1270
1271
1272
1273
1274
1275
1276
1277
1278
1280
1281
1288
1289
1290
1293
1294
1295
1297
1299
1301
1302
1303
1307
1308
1309
1310
1311
1313
1314
1317
1321
1322
1323
1324
1325
1326
1328
1329
1330
1331
1332
1333
1334
1335
1336
1337
1338
1339
1341
1342
1343
1344
1345
1346
1347
1348
1349
1350
1351
1353
1354
1355
1356
1357
1358
1360
1361
1365
1368
1369
1370
1373
1374
1375
1377
1379
1381
1382
1383
1387
1388
1389
1390
1391
1393
1394
1397
1400
1401
1402
1403
1404
1406
1408
1409
1410
1411
1412
1413
1414
1415
1416
1417
1418
1419
1421
1422
1423
1424
1426
1427
1428
1429
1430
1431
1432
1433
1434
1435
1436
1437
1438
1440
1441
1448
1449
1450
1453
1454
1455
1457
1459
1461
1462
1463
1467
1468
1469
1470
1471
1473
1474
1477
1480
1481
1482
1483
1484
1486
1488
1489
1490
1491
1492
1493
1494
1495
1496
1497
1498
1499
1501
1502
1503
1504
1506
1507
1508
1509
1510
1511
1512
1513
1514
1515
1516
1517
1518
1520
1521
1522
1528
1529
1530
1533
1534
1535
1537
1539
1541
1542
1543
1547
1548
1549
1550
1551
1553
1554
1557
1560
1561
1562
1563
1564
1566
1568
1569
1570
1571
1572
1573
1574
1575
1576
1577
1578
1579
1581
1582
1583
1584
1586
1587
1588
1589
1590
1591
1592
1593
1594
1595
1596
1597
1598
1600
1601
1605
1608
1609
1610
1613
1614
1615
1617
1619
1621
1622
1623
1627
1628
1629
1630
1631
1633
1634
1637
1641
1642
1643
1644
1646
1648
1649
1650
1651
1652
1653
1654
1655
1656
1657
1658
1659
1661
1662
1663
1664
1666
1667
1668
1669
1670
1671
1672
1673
1674
1675
1676
1677
1678
1679
1680
1681
1688
1689
1690
1693
1694
1695
1697
1699
1701
1702
1703
1707
1708
1709
1710
1711
1713
1714
1717
1720
1721
1722
1723
1724
1726
1728
1729
1730
1731
1732
1733
1734
1735
1736
1737
1738
1739
1741
1742
1743
1744
1746
1747
1748
1749
1750
1751
1752
1753
1754
1755
1756
1757
1758
1760
1761
1765
1768
1769
1770
1773
1774
1775
1777
1779
1781
1782
1783
1787
1788
1789
1790
1791
1793
1794
1797
1801
1802
1803
1804
1806
1808
1809
1810
1811
1812
1813
1814
1815
1816
1817
1818
1819
1821
1822
1823
1824
1826
1827
1828
1829
1830
1831
1832
1833
1834
1835
1836
1837
1838
1840
1841
1848
1849
1850
1853
1854
1855
1857
1859
1861
1862
1863
1867
1868
1869
1870
1871
1873
1874
1877
1880
1881
1882
1883
1884
1886
1888
1889
1890
1891
1892
1893
1894
1895
1896
1897
1898
1899
1901
1902
1903
1904
1906
1907
1908
1909
1910
1911
1912
1913
1914
1915
1916
1917
1918
1920
1921
1925
1928
1929
1930
1933
1934
1935
1937
1939
1941
1942
1943
1947
1948
1949
1950
1951
1953
1954
1957
1960
1961
1962
1963
1964
1966
1968
1969
1970
1971
1972
1973
1975
1976
1977
1978
1979
1981
1982
1983
1984
1986
1987
1988
1989
1990
1991
1992
1993
1994
1995
1996
1997
1998
2000
2001
2005
2008
2009
2010
2013
2014
2015
2017
2019
2021
2022
2023
2027
2028
2029
2030
2031
2033
2034
2037
2040
2041
2042
2043
2044
2046
2048
2049
2050
2051
2052
2053
2055
2056
2057
2058
2059
2061
2062
2063
2064
2066
2067
2068
2069
2070
2071
2072
2073
2074
2075
2076
2077
2078
2080
2081
2085
2088
2089
2090
2093
2094
2095
2097
2099
2101
2102
2103
2107
2108
2109
2110
2111
2113
2114
2117
2121
2122
2123
2124
2126
2128
2129
2130
2131
2132
2133
2134
2135
2136
2137
2138
2139
2141
2142
2143
2144
2145
2146
2147
2148
2149
2150
2151
2152
2153
2154
2155
2156
2157
2158
2160
2161
2165
2168
2169
2170
2173
2174
2175
2177
2179
2181
2182
2183
2187
2188
2189
2190
2191
2193
2194
2197
2200
2201
2202
2203
2204
2206
2208
2209
2210
2211
2212
2213
2214
2215
2216
2217
2218
2219
2221
2222
2223
2224
2226
2227
2228
2229
2230
2231
2232
2233
2234
2235
2236
2237
2238
2240
2241
2242
2245
2248
2249
2250
2253
2254
2255
2257
2259
2261
2262
2263
2267
2268
2269
2270
2271
2273
2274
2277
2281
2282
2283
2284
2286
2288
2289
2290
2291
2292
2293
2294
2295
2297
2298
2299
2301
2302
2303
2304
2306
2307
2308
2309
2310
2311
2312
2313
2314
2315
2316
2317
2318
2320
2321
2325
2328
2329
2330
2333
2334
2335
2337
2339
2341
2342
2343
2347
2348
2349
2350
2351
2353
2354
2357
2361
2362
2363
2364
2366
2368
2369
2370
2371
2372
2373
2375
2376
2377
2378
2379
2381
2382
2383
2384
2385
2386
2387
2388
2389
2390
2391
2392
2393
2394
2395
2396
2397
2398
2400
2401
2405
2408
2409
2410
2413
2414
2415
2417
2419
2421
2422
2423
2427
2428
2429
2430
2431
2433
2434
2437
2441
2442
2443
2444
2446
2448
2449
2450
2451
2452
2453
2454
2455
2456
2457
2458
2459
2461
2462
2463
2464
2466
2467
2468
2469
2470
2471
2472
2473
2474
2475
2476
2477
2478
2480
2481
2482
2488
2489
2490
2493
2494
2495
2497
2499
2501
2502
2503
2507
2508
2509
2510
2511
2513
2514
2517
2520
2521
2522
2523
2524
2526
2528
2529
2530
2531
2532
2533
2534
2535
2536
2537
2538
2539
2541
2542
2543
2546
2547
2548
2549
2550
2551
2552
2553
2554
2555
2556
2557
2558
2560
2561
2568
2569
2570
2573
2574
2575
2577
2579
2581
2582
2583
2587
2588
2589
2590
2591
2593
2594
2597
2600
2601
2602
2603
2604
2606
2607
2608
2609
2610
2611
2612
2613
2614
2615
2616
2617
2618
2619
2621
2622
2623
2624
2626
2627
2628
2629
2630
2631
2632
2633
2634
2635
2636
2637
2638
2640
2641
2642
2645
2648
2650
2653
2654
2655
2657
2659
2661
2662
2663
2667
2668
2669
2670
2671
2673
2674
2677
2681
2682
2683
2684
2686
2688
2689
2690
2691
2692
2693
2694
2695
2696
2697
2698
2699
2701
2702
2703
2704
2706
2707
2708
2709
2710
2711
2712
2713
2714
2715
2716
2717
2718
2719
2720
2721
2725
2728
2729
2730
2734
2735
2737
2739
2741
2742
2743
2747
2748
2749
2750
2751
2753
2754
2757
2760
2761
2762
2763
2764
2766
2768
2769
2770
2771
2772
2773
2774
2775
2776
2777
2778
2779
2781
2782
2783
2784
2786
2787
2788
2789
2790
2791
2792
2793
2794
2795
2796
2797
2798
2800
2801
2805
2808
2809
2810
2813
2814
2815
2817
2819
2821
2822
2823
2827
2828
2829
2830
2831
2833
2834
2837
2840
2841
2842
2843
2844
2846
2847
2848
2849
2850
2851
2852
2853
2855
2856
2857
2858
2859
2861
2862
2863
2864
2866
2867
2868
2869
2870
2871
2872
2873
2874
2875
2876
2877
2878
2880
2881
2885
2888
2889
2890
2893
2894
2895
2897
2899
2901
2902
2903
2908
2909
2910
2911
2913
2914
2917
2921
2922
2923
2924
2926
2927
2928
2929
2930
2931
2932
2933
2934
2935
2936
2937
2938
2939
2941
2942
2943
2944
2946
2947
2948
2949
2950
2951
2952
2953
2954
2955
2956
2957
2958
2960
2961
2962
2965
2968
2969
2970
2973
2974
2975
2977
2979
2981
2982
2983
2987
2988
2989
2990
2991
2993
2994
2997
3000
3001
3002
3003
3004
3006
3008
3009
3010
3011
3012
3013
3014
3015
3016
3017
3018
3021
3022
3023
3024
3026
3027
3028
3029
3030
3031
3032
3033
3034
3035
3036
3037
3038
3040
3041
3045
3048
3049
3050
3053
3054
3055
3057
3059
3061
3062
3063
3067
3068
3069
3070
3071
3073
3074
3077
3081
3082
3083
3084
3086
3088
3089
3090
3091
3092
3093
3094
3095
3096
3097
3098
3099
3101
3102
3103
3104
3106
3107
3108
3109
3110
3111
3112
3113
3114
3115
3116
3117
3118
3120
3121
3124
3128
3129
3130
3133
3134
3135
3137
3139
3141
3142
3143
3147
3148
3149
3150
3151
3153
3154
3157
3160
3161
3162
3163
3164
3165
3166
3167
3168
3169
3170
3171
3172
3173
3174
3175
3176
3177
3178
3179
3181
3182
3183
3184
3186
3187
3188
3189
3191
3192
3193
3194
3195
3196
3197
3198
3200
3201
3208
3209
3210
3213
3214
3215
3217
3219
3221
3222
3223
3227
3228
3229
3230
3231
3233
3234
3237
3241
3242
3243
3244
3245
3246
3247
3248
3249
3250
3251
3252
3253
3254
3255
3256
3257
3258
3261
3262
3263
3264
3265
3266
3267
3268
3269
3270
3271
3272
3273
3274
3275
3276
3277
3278
3280
3281
3288
3289
3290
3293
3294
3295
3297
3299
3301
3302
3303
3307
3308
3309
3310
3311
3313
3314
3317
3321
3322
3323
3324
3326
3327
3328
3329
3330
3331
3332
3333
3334
3335
3336
3337
3338
3339
3341
3342
3343
3344
3346
3347
3348
3349
3350
3351
3352
3353
3354
3355
3356
3357
3358
3360
3361
3365
3368
3369
3370
3373
3374
3375
3377
3379
3381
3382
3383
3387
3388
3389
3390
3391
3393
3394
3397
3400
3401
3402
3403
3404
3406
3408
3409
3410
3411
3412
3413
3414
3415
3416
3417
3418
3419
3421
3422
3423
3424
3427
3428
3429
3430
3431
3432
3433
3434
3435
3436
3437
3438
3439
3440
3441
3448
3449
3450
3453
3454
3455
3457
3459
3461
3462
3463
3465
3467
3468
3469
3470
3471
3473
3474
3477
3480
3481
3482
3483
3484
3486
3487
3488
3489
3490
3491
3492
3493
3495
3496
3497
3498
3499
3501
3502
3503
3504
3506
3507
3508
3509
3510
3511
3512
3513
3514
3515
3516
3517
3518
3520
3521
3528
3529
3530
3533
3534
3535
3537
3539
3541
3542
3543
3547
3548
3549
3550
3551
3553
3554
3557
3561
3562
3563
3564
3566
3568
3569
3570
3571
3572
3573
3574
3575
3576
3577
3578
3579
3581
3582
3583
3584
3586
3587
3588
3589
3590
3591
3592
3593
3594
3595
3596
3597
3598
3599
3600
3601
3605
3608
3609
3610
3613
3614
3615
3617
3619
3621
3622
3623
3627
3628
3629
3630
3631
3633
3634
3637
3641
3642
3643
3644
3646
3647
3648
3649
3650
3651
3652
3653
3654
3655
3656
3657
3658
3659
3661
3662
3663
3664
3666
3667
3668
3669
3670
3671
3672
3673
3674
3675
3676
3677
3678
3679
3680
3681
3688
3689
3690
3693
3694
3695
3697
3699
3701
3702
3703
3707
3708
3709
3710
3711
3713
3714
3717
3720
3721
3722
3723
3724
3726
3727
3728
3729
3730
3731
3732
3733
3734
3735
3736
3737
3738
3739
3741
3742
3743
3744
3746
3747
3748
3749
3750
3751
3752
3753
3754
3755
3756
3757
3758
3760
3761
3762
3768
3769
3770
3773
3774
3775
3777
3779
3781
3782
3783
3787
3788
3789
3790
3791
3793
3794
3797
3801
3802
3803
3804
3806
3808
3809
3810
3811
3812
3813
3815
3816
3817
3818
3819
3821
3822
3823
3824
3826
3827
3828
3829
3830
3831
3832
3833
3834
3835
3836
3837
3838
3839
3840
3841
3848
3849
3850
3853
3854
3855
3857
3859
3861
3862
3863
3867
3868
3869
3870
3871
3873
3874
3877
3880
3881
3882
3883
3884
3885
3886
3888
3889
3890
3891
3892
3893
3895
3896
3897
3898
3899
3901
3902
3903
3904
3906
3907
3908
3909
3910
3911
3912
3913
3914
3915
3916
3917
3918
3919
3920
3922
3923
3924
3925
3926
3927
3928
3929
3930
3931
3932
3935
3937
3939
3941
3942
3943
3944
3945
3947
3948
3949
3952
3953
['0704f548-4b1a-426b-ac46-7c0feb653416', 'd30763ff-86ad-4e4d-9309-a291402bfb1e', '60be198b-f155-492e-a18c-7da9dcc7a84a', '85a35406-8d7e-4aaf-8f4b-d50303a8c907', '1c1639f6-9e1d-4e07-bfcb-6dc3b98ff823', 'd412da5d-147f-4bdc-a168-5dfdceb47141', 'e164187e-0387-4395-aea5-1f2bddb282ed', '2ba4397a-f507-4d0b-9e92-a17ea005c67a', '425baf4d-6d2e-4e24-beaf-e8ca513e1607', '50af45ae-4634-4279-acb1-c3429a60e79f', 'c43f4b42-5782-4ffc-82f4-e1ac7ee542ea', '62898103-5e35-4708-b89b-02da9bfc8383', '1081cef0-3714-4f3b-8883-fd6c2c59d929', 'c1d09098-639f-4b7f-adc3-891141942ad9', '018bda1f-5f37-4431-a02c-ec503c72c89f', '274a5176-e047-434b-a202-b3f23e3236e1', '342dff9e-3303-4775-8f50-a2f03188ed6a', 'e3d9adef-279d-45bb-911f-be231670483d', '5fe4f960-39b5-4577-96e1-e647387e985d', '62d4a8e0-90e6-4a25-9909-c979b7de675e', 'f1cd4f6e-54ce-4c66-907b-38289f7a8cb6', '7131f65a-1d82-4e8c-b730-952bc17aab88', '920cb90a-a081-46cd-9c1c-dc07aea7921f', 'b11b8dbb-a1af-434a-b8ac-3df2cd5c4465', '5a72d4f5-a582-4fc8-b8f2-0e3e7da75aff', 'edefc799-60e2-45b4-81f7-58ae4b9ce601', '4ce4049b-cc8a-485a-be00-9c3a1de7bf86', '03636665-787e-476b-87ae-c4cef9634fca', 'e07c1c67-173f-404d-99a6-bd0f0e29f23d', '9bdfbba0-b061-4052-bef3-f7718f2de0e0', '0ba6f721-a0b4-4be6-bed5-dd0b0f07a9f9', 'c4fbd0ba-9afb-4024-aa1d-26d885406097', '7b351235-6a45-4969-a675-f24ef0aa347b', 'e610bb2b-9dfd-4415-a585-0b26cc44cfab', 'f18170f3-9a7b-4169-994f-b7600fb50c88', 'd087b31a-fcba-4d94-b976-7efcef9acc10', '02f2ed22-6afe-410c-868b-1e29669e31fc', '84722210-06b4-4f58-a079-8b8a3af7ef78', '4b565643-ad28-470f-b80c-4b014c0b808b', 'c36f6fb6-ae1d-42c9-b001-951042d8d139', 'e5ed0905-0d12-48e6-a204-6a79398d1c38', 'e4b9e742-76cf-4354-83f9-529f1f6b9317', '2f6f7b01-c955-47e6-8dc4-8d846619c55f', '9b6fb646-73bb-4c5e-a826-bb45e3f351c0', '5f54df6d-e14e-4f80-b1e0-62d952e24098', '66012073-4ab2-40b0-883c-e5e4ea30b04b', 'd95c6a8c-79c0-4d2c-ad1f-63bf89fa155d', 'b6dbbafb-fac2-499d-a7f4-b360da953894', '5f7a6270-1d53-42e7-9f46-f9596719cfd1', '5cfbd0ce-e6cb-4c1a-9a2a-82ab8267e7ca']
