1
2
3
4
7
8
11
12
13
15
17
18
19
20
21
22
24
25
26
27
29
30
33
34
36
37
38
39
40
41
42
44
45
46
47
48
49
51
52
53
54
55
56
57
58
59
60
61
62
63
64
65
66
67
69
70
73
74
75
77
80
81
84
85
86
87
88
90
91
93
96
98
99
100
101
104
105
107
108
110
111
112
113
114
116
117
118
121
122
123
124
126
127
128
129
130
131
132
133
134
135
138
139
141
142
143
144
145
146
148
149
150
151
152
153
154
156
157
158
159
160
161
163
164
165
166
167
168
170
171
172
173
174
175
176
177
178
179
180
181
183
185
186
187
189
190
191
193
194
196
198
202
204
206
207
208
209
210
211
212
213
214
215
217
218
220
221
222
224
225
226
227
228
229
231
233
235
236
238
239
243
244
245
247
248
249
251
252
253
255
256
259
260
261
263
264
265
266
267
269
270
272
274
275
277
278
279
280
282
283
285
286
287
288
289
290
291
292
293
294
295
296
297
298
302
303
304
305
306
307
308
309
310
312
314
315
316
317
318
319
320
321
322
324
325
326
327
330
331
333
334
335
336
337
338
340
341
344
345
346
347
348
349
351
353
354
355
357
360
361
362
363
364
365
366
367
369
370
371
374
375
376
377
378
379
380
381
382
383
384
388
389
390
391
392
393
394
396
397
399
400
401
402
404
405
406
407
411
412
413
417
418
419
420
422
423
425
426
427
428
429
430
431
432
433
435
438
439
441
442
443
444
445
448
449
450
452
453
454
456
457
458
459
460
461
462
463
464
465
466
467
468
471
472
473
475
476
477
478
479
480
481
482
483
484
485
486
488
490
491
492
493
495
496
497
498
499
500
503
507
508
509
510
511
513
514
515
516
517
519
520
523
526
527
528
529
530
532
533
535
536
537
538
539
541
542
543
544
545
548
549
550
551
552
553
554
555
556
558
561
562
563
564
565
566
567
569
570
571
572
573
574
575
577
578
579
581
582
583
584
585
586
587
588
589
590
591
593
594
595
597
599
601
602
604
605
606
608
609
610
611
612
613
615
616
618
619
620
623
626
627
628
629
631
632
635
636
637
638
639
640
642
643
645
647
649
650
652
654
655
656
657
658
661
662
663
664
665
666
667
668
669
670
671
672
673
674
677
678
679
680
681
682
684
685
686
687
688
690
691
692
693
695
696
698
699
700
701
702
703
705
707
710
712
713
714
716
717
718
721
723
724
725
726
729
730
731
732
733
734
736
737
738
740
743
745
746
747
748
749
751
752
753
754
755
756
757
759
760
761
762
765
767
769
770
771
772
773
774
775
776
777
779
780
781
782
783
784
786
789
790
791
792
793
794
795
796
797
798
799
800
801
803
804
807
809
811
812
814
815
816
817
818
819
820
821
822
823
826
828
829
833
834
835
836
838
839
840
843
845
847
848
849
851
852
854
855
856
857
858
859
860
861
862
864
865
866
867
868
869
870
871
872
873
874
875
876
878
881
884
885
886
887
888
889
890
891
892
894
895
896
897
898
899
900
903
904
905
906
907
908
909
911
912
913
914
915
916
917
918
919
922
923
924
925
928
929
930
933
934
935
936
937
938
940
941
943
944
946
947
949
950
951
952
955
956
957
958
959
961
963
964
967
968
970
971
972
973
974
975
976
977
979
981
982
983
986
987
988
990
991
992
993
994
995
996
997
998
999
1000
1003
1004
1005
1006
1007
1009
1011
1012
1013
1014
1016
1017
1020
1021
1022
1023
1024
1025
1026
1027
1028
1030
1031
1033
1035
1036
1037
1038
1039
1040
1041
1042
1043
1044
1045
1046
1049
1050
1051
1052
1053
1054
1055
1056
1058
1061
1064
1065
1067
1068
1069
1071
1072
1073
1076
1077
1078
1079
1080
1081
1082
1083
1084
1085
1086
1087
1089
1091
1092
1093
1095
1100
1101
1102
1103
1104
1105
1106
1107
1108
1109
1110
1113
1114
1116
1118
1120
1121
1122
1123
1124
1125
1131
1133
1134
1135
1136
1138
1139
1140
1141
1142
1143
1144
1145
1148
1149
1150
1151
1152
1155
1157
1158
1159
1160
1161
1162
1164
1165
1166
1167
1168
1169
1170
1171
1173
1174
1175
1176
1177
1178
1180
1181
1182
1184
1185
1186
1187
1188
1189
1190
1192
1193
1195
1199
1200
1202
1203
1204
1205
1206
1207
1208
1209
1210
1211
1212
1215
1216
1217
1219
1220
1221
1222
1223
1224
1226
1227
1231
1232
1233
1234
1235
1236
1237
1238
1239
1241
1242
1244
1246
1249
1250
1251
1253
1254
1255
1256
1257
1258
1259
1260
1261
1262
1263
1264
1266
1267
1268
1269
1270
1271
1272
1273
1274
1275
1278
1279
1280
1281
1284
1285
1287
1288
1289
1290
1291
1292
1295
1296
1297
1298
1299
1300
1301
1302
1304
1306
1307
1308
1309
1310
1311
1312
1313
1314
1315
1318
1319
1321
1323
1326
1329
1330
1331
1333
1334
1335
1336
1337
1338
1339
1340
1341
1342
1343
1344
1345
1347
1349
1350
1351
1354
1355
1357
1358
1359
1360
1361
1363
1367
1368
1370
1371
1372
1373
1374
1375
1376
1377
1378
1379
1380
1381
1382
1383
1385
1386
1387
1388
1389
1390
1391
1392
1393
1394
1395
1401
1402
1403
1405
1406
1407
1410
1411
1412
1415
1416
1417
1418
1419
1420
1421
1422
1423
1424
1425
1426
1428
1430
1431
1432
1433
1434
1435
1437
1438
1439
1440
1441
1446
1447
1449
1450
1452
1453
1456
1457
1459
1460
1461
1462
1463
1465
1466
1468
1469
1470
1471
1472
1473
1475
1476
1477
1478
1479
1480
1481
1482
1484
1485
1487
1488
1489
1490
1491
1492
1493
1494
1495
1496
1497
1498
1502
1503
1505
1506
1509
1512
1513
1514
1515
1516
1517
1520
1521
1525
1526
1527
1528
1529
1530
1531
1532
1533
1534
1535
1536
1537
1538
1539
1540
1541
1542
1543
1544
1546
1549
1550
1552
1553
1555
1556
1558
1559
1560
1562
1563
1564
1565
1566
1567
1568
1569
1571
1572
1573
1574
1575
1576
1577
1578
1579
1582
1583
1585
1586
1587
1589
1590
1592
1593
1595
1596
1597
1598
1599
1600
1602
1603
1604
1605
1606
1607
1608
1609
1610
1611
1612
1613
1614
1615
1616
1617
1620
1622
1623
1624
1625
1626
1627
1628
1629
1631
1633
1634
1637
1638
1640
1643
1645
1647
1648
1650
1652
1654
1655
1656
1657
1658
1659
1661
1662
1663
1664
1665
1666
1668
1670
1671
1672
1673
1674
1675
1677
1678
1679
1680
1681
1684
1685
1687
1688
1689
1690
1691
1692
1693
1694
1695
1697
1698
1699
1700
1701
1702
1704
1705
1706
1707
1708
1709
1710
1711
1714
1715
1716
1717
1719
1724
1725
1727
1728
1729
1730
1732
1733
1735
1736
1737
1738
1741
1742
1743
1744
1745
1746
1747
1748
1751
1752
1753
1754
1755
1756
1757
1758
1759
1760
1762
1764
1766
1767
1768
1769
1770
1771
1772
1773
1775
1776
1777
1780
1782
1783
1784
1789
1790
1791
1792
1793
1794
1796
1797
1798
1799
1800
1802
1803
1805
1806
1807
1809
1810
1811
1812
1813
1815
1816
1818
1819
1820
1822
1825
1827
1828
1829
1830
1831
1832
1833
1834
1835
1837
1838
1839
1840
1841
1842
1843
1844
1846
1847
1849
1850
1851
1852
1853
1854
1856
1857
1858
1859
1860
1861
1862
1863
1867
1868
1869
1870
1871
1872
1874
1875
1876
1877
1879
1880
1881
1885
1886
1887
1888
1891
1893
1894
1895
1897
1898
1900
1901
1902
1903
1904
1905
1906
1908
1909
1911
1912
1915
1916
1918
1919
1920
1921
1923
1925
1926
1927
1928
1931
1932
1933
1936
1937
1938
1939
1940
1941
1943
1944
1945
1948
1949
1950
1951
1952
1953
1954
1955
1956
1958
1959
1960
1961
1962
1965
1966
1968
1969
1970
1971
1972
1973
1975
1976
1977
1979
1980
1981
1982
1983
1984
1986
1987
1989
1990
1992
1993
1994
1995
1998
1999
2000
2001
2004
2006
2009
2011
2012
2013
2014
2015
2017
2019
2020
2021
2022
2023
2024
2026
2027
2028
2029
2030
2031
2032
2033
2034
2035
2036
2037
2038
2039
2040
2041
2042
2043
2048
2049
2050
2052
2053
2054
2055
2056
2057
2058
2060
2061
2063
2065
2066
2067
2068
2069
2070
2071
2074
2076
2078
2079
2080
2081
2083
2084
2085
2086
2087
2088
2090
2091
2092
2093
2095
2096
2097
2098
2099
2100
2101
2102
2103
2105
2107
2108
2109
2111
2112
2113
2115
2117
2118
2120
2122
2123
2124
2127
2128
2129
2131
2133
2134
2135
2136
2137
2138
2139
2141
2142
2143
2144
2145
2146
2147
2149
2150
2151
2152
2154
2155
2156
2157
2158
2159
2160
2163
2164
2165
2166
2167
2168
2169
2170
2171
2173
2174
2175
2176
2177
2181
2182
2183
2184
2185
2186
2188
2189
2192
2193
2194
2196
2198
2201
2202
2203
2205
2207
2208
2209
2210
2213
2214
2215
2216
2217
2219
2221
2222
2223
2225
2226
2228
2229
2230
2231
2232
2233
2235
2236
2238
2239
2240
2241
2244
2245
2246
2247
2248
2249
2250
2252
2253
2254
2255
2257
2259
2260
2261
2263
2264
2266
2268
2270
2271
2272
2273
2274
2275
2277
2278
2279
2280
2281
2282
2284
2285
2287
2289
2290
2291
2292
2293
2295
2296
2298
2299
2300
2301
2302
2304
2306
2308
2309
2312
2313
2314
2315
2316
2317
2318
2319
2320
2323
2324
2325
2326
2327
2328
2329
2330
2331
2332
2333
2338
2340
2343
2344
2345
2346
2347
2348
2350
2351
2352
2353
2354
2355
2356
2357
2358
2359
2360
2361
2362
2365
2366
2367
2368
2369
2370
2372
2373
2375
2376
2378
2379
2381
2382
2384
2385
2386
2387
2388
2389
2390
2391
2393
2394
2395
2399
2400
2401
2402
2403
2406
2407
2408
2409
2411
2412
2413
2414
2416
2417
2418
2419
2420
2422
2424
2425
2427
2428
2429
2432
2433
2434
2435
2436
2437
2439
2440
2441
2442
2443
2445
2446
2448
2449
2450
2451
2452
2454
2456
2458
2459
2460
2461
2462
2463
2464
2465
2466
2467
2468
2471
2472
2473
2474
2475
2476
2477
2478
2479
2482
2483
2484
2485
2486
2489
2490
2491
2493
2496
2497
2498
2499
2500
2501
2502
2503
2505
2506
2507
2508
2509
2511
2513
2514
2515
2516
2517
2518
2520
2521
2522
2523
2525
2528
2531
2532
2533
2534
2538
2539
2540
2542
2544
2545
2546
2547
2548
2549
2550
2552
2553
2555
2556
2557
2558
2561
2562
2563
2565
2566
2567
2568
2569
2570
2571
2572
2573
2574
2575
2576
2577
2579
2580
2582
2583
2584
2585
2587
2588
2589
2590
2594
2595
2596
2597
2598
2600
2601
2602
2603
2604
2608
2609
2610
2611
2612
2613
2614
2615
2616
2617
2618
2621
2623
2625
2628
2629
2630
2631
2632
2633
2634
2635
2636
2638
2639
2640
2641
2643
2645
2646
2648
2649
2650
2651
2652
2653
2654
2655
2656
2657
2658
2659
2660
2661
2662
2663
2664
2665
2666
2667
2669
2670
2671
2672
2673
2676
2678
2680
2681
2682
2684
2686
2689
2690
2692
2693
2696
2697
2698
2700
2701
2702
2704
2705
2707
2708
2709
2710
2712
2713
2714
2715
2716
2717
2719
2720
2722
2723
2724
2725
2726
2727
2728
2730
2734
2735
2737
2738
2740
2741
2742
2744
2745
2746
2747
2749
2750
2751
2754
2755
2756
2757
2759
2760
2761
2762
2763
2764
2765
2766
2768
2769
2770
2771
2772
2773
2774
2775
2776
2777
2779
2780
2781
2783
2784
2785
2786
2789
2790
2791
2793
2794
2796
2797
2798
2799
2800
2801
2802
2806
2807
2808
2809
2810
2811
2812
2815
2816
2817
2818
2819
2820
2822
2823
2825
2826
2827
2828
2830
2831
2833
2834
2835
2836
2838
2839
2840
2841
2842
2844
2845
2847
2850
2851
2852
2854
2855
2859
2860
2861
2864
2865
2866
2867
2868
2869
2870
2871
2872
2873
2874
2875
2876
2877
2878
2879
2881
2882
2884
2886
2888
2889
2890
2891
2893
2894
2895
2896
2897
2901
2902
2904
2905
2906
2908
2909
2911
2912
2913
2914
2915
2916
2917
2918
2919
2920
2921
2922
2923
2926
2927
2929
2930
2931
2932
2934
2935
2936
2937
2939
2940
2941
2942
2943
2944
2945
2946
2947
2948
2950
2951
2952
2954
2956
2958
2959
2960
2961
2964
2965
2967
2968
2969
2970
2972
2975
2976
2978
2979
2980
2981
2983
2984
2985
2986
2988
2990
2991
2992
2993
2994
2995
2996
2997
2998
2999
3000
3005
3006
3007
3009
3010
3013
3014
3015
3016
3017
3018
3019
3021
3022
3023
3024
3025
3026
3027
3028
3029
3030
3031
3034
3035
3037
3038
3040
3041
3042
3043
3044
3045
3046
3047
3048
3050
3051
3053
3054
3055
3056
3057
3058
3060
3061
3062
3064
3067
3068
3069
3071
3075
3076
3077
3078
3079
3080
3081
3082
3083
3086
3087
3088
3089
3090
3091
3092
3093
3095
3096
3097
3098
3099
3100
3101
3102
3104
3106
3107
3108
3109
3110
3112
3113
3115
3116
3119
3122
3123
3124
3125
3126
3127
3130
3131
3132
3133
3134
3136
3137
3139
3141
3143
3144
3146
3148
3149
3150
3151
3152
3153
3154
3155
3156
3157
3158
3159
3160
3161
3162
3166
3167
3169
3170
3171
3172
3174
3175
3176
3177
3178
3179
3180
3181
3182
3183
3184
3185
3186
3187
3188
3189
3190
3192
3193
3195
3196
3199
3200
3202
3203
3204
3207
3208
3209
3211
3212
3214
3218
3219
3221
3222
3223
3224
3226
3228
3229
3230
3231
3233
3234
3236
3237
3238
3239
3240
3241
3242
3243
3245
3246
3248
3250
3251
3252
3253
3254
3255
3256
3257
3258
3259
3260
3261
3262
3264
3265
3267
3268
3269
3272
3273
3274
3275
3276
3278
3279
3280
3281
3282
3283
3284
3285
3286
3289
3290
3292
3294
3295
3297
3298
3299
3300
3301
3303
3304
3305
3306
3308
3309
3310
3311
3315
3317
3318
3320
3321
3323
3324
3327
3328
3330
3331
3332
3333
3336
3337
3338
3339
3340
3341
3343
3344
3345
3346
3347
3348
3349
3350
3351
3352
3353
3354
3355
3356
3358
3359
3360
3361
3362
3363
3365
3366
3368
3370
3372
3373
3374
3375
3378
3380
3381
3382
3384
3385
3386
3388
3390
3391
3392
3395
3396
3397
3399
3400
3401
3402
3403
3404
3407
3408
3409
3410
3411
3414
3415
3416
3417
3418
3420
3421
3422
3424
3425
3426
3428
3429
3430
3431
3432
3433
3434
3436
3438
3439
3440
3441
3442
3443
3444
3445
3446
3447
3449
3450
3452
3453
3454
3455
3456
3457
3459
3462
3463
3466
3468
3469
3470
3472
3474
3475
3477
3478
3479
3480
3481
3483
3484
3485
3486
3487
3488
3490
3491
3493
3494
3496
3497
3498
3499
3500
3501
3502
3503
3504
3505
3506
3507
3508
3509
3510
3512
3513
3514
3515
3517
3519
3520
3521
3522
3523
3526
3527
3528
3530
3531
3533
3534
3535
3537
3538
3539
3540
3541
3542
3543
3546
3547
3550
3551
3552
3555
3556
3557
3560
3561
3563
3565
3566
3568
3569
3570
3571
3572
3573
3575
3576
3579
3580
3583
3584
3585
3586
3588
3590
3591
3592
3593
3594
3595
3596
3597
3598
3601
3602
3603
3605
3606
3607
3608
3609
3610
3611
3612
3613
3614
3615
3616
3618
3621
3622
3623
3624
3625
3626
3627
3628
3629
3630
3631
3633
3636
3637
3638
3640
3641
3642
3644
3645
3647
3648
3649
3650
3651
3652
3654
3655
3656
3657
3658
3659
3660
3663
3664
3665
3666
3667
3668
3670
3672
3673
3674
3675
3676
3680
3681
3682
3683
3684
3685
3686
3688
3690
3692
3693
3694
3697
3698
3699
3700
3702
3703
3704
3705
3707
3708
3709
3710
3711
3713
3714
3716
3717
3720
3721
3722
3723
3724
3725
3726
3727
3728
3729
3731
3732
3733
3734
3736
3738
3739
3741
3742
3743
3744
3746
3747
3748
3749
3750
3752
3753
3754
3756
3757
3758
3759
3760
3761
3762
3763
3764
3765
3766
3767
3768
3771
3773
3774
3775
3776
3780
3781
3783
3785
3787
3789
3790
3791
3792
3793
3796
3797
3798
3799
3801
3802
3803
3804
3805
3806
3807
3808
3811
3812
3813
3814
3815
3816
3819
3820
3821
3822
3823
3824
3826
3827
3828
3829
3830
3832
3833
3834
3836
3837
3838
3842
3843
3844
3845
3846
3847
3849
3851
3852
3856
3857
3859
3860
3861
3862
3864
3865
3866
3867
3868
3869
3870
3871
3873
3874
3875
3877
3878
3879
3881
3883
3884
3885
3887
3889
3890
3891
3892
3893
3894
3895
3898
3899
3900
3901
3902
3903
3906
3907
3908
3909
3910
3911
3912
3913
3914
3915
3916
3918
3919
3921
3923
3924
3925
3927
3928
3929
3930
3932
3933
3934
3935
3937
3941
3942
3943
3945
3947
3949
3950
3951
3952
3953
3954
3955
['SA-1508', 'SA-1509', 'SA-1510', 'SA-1511', 'SA-1512', 'SA-1513', 'SA-1514', 'SA-1515', 'SA-1516', 'SA-1517', 'SA-1518', 'SA-1519', 'SA-1520', 'SA-1521', 'SA-1522', 'SA-1523', 'SA-1524', 'SA-1525', 'SA-1526', 'SA-1527', 'SA-1528', 'SA-1529', 'SA-1530', 'SA-1531', 'SA-1532', 'SA-1533', 'SA-1534', 'SA-1535', 'SA-1536', 'SA-1537', 'SA-1538', 'SA-1539', 'SA-1540', 'SA-1541', 'SA-1542', 'SA-1543', 'SA-1544', 'SA-1545', 'SA-1546', 'SA-1547', 'SA-1548', 'SA-1549', 'SA-1550', 'SA-1551', 'SA-1552', 'SA-1553', 'SA-1554', 'SA-1555', 'SA-1556', 'SA-1557']
