0
2
3
4
5
7
8
9
11
12
14
15
16
17
18
20
22
23
24
25
26
27
28
29
31
32
33
34
35
36
37
39
40
41
42
43
45
46
47
48
51
52
53
54
55
57
58
61
62
64
65
66
67
69
71
72
73
75
76
79
80
81
82
85
86
90
92
93
94
95
96
97
98
99
100
101
102
105
106
107
108
110
111
112
113
115
116
117
118
120
121
123
124
126
128
129
130
131
133
135
136
138
139
140
141
142
143
144
145
146
147
148
149
150
152
153
154
156
157
158
160
161
162
165
166
170
172
173
174
175
176
177
178
179
180
181
182
185
186
187
188
190
191
194
195
196
197
198
200
201
203
204
206
208
209
210
212
213
215
216
218
219
220
221
222
223
224
225
226
227
228
229
230
232
233
234
236
237
238
240
241
242
245
246
250
253
254
255
256
257
258
259
260
261
262
266
267
268
270
271
272
273
274
275
276
277
278
280
281
283
284
286
288
289
290
291
292
293
295
296
298
299
300
301
302
303
304
305
306
307
308
310
312
313
314
316
317
318
320
321
322
325
326
330
332
333
334
335
336
337
338
339
340
341
342
345
346
347
348
350
351
352
355
356
357
358
360
361
363
364
366
368
369
370
371
372
373
375
376
378
379
380
381
383
384
386
387
388
389
390
392
393
394
396
397
398
400
402
403
404
405
406
407
408
409
411
412
414
415
416
417
418
420
422
423
424
425
426
427
428
429
431
432
433
434
435
436
437
439
440
441
442
443
445
446
447
448
451
452
453
454
455
457
461
462
464
465
466
467
469
471
472
473
475
476
479
480
481
482
485
486
490
493
494
495
496
497
498
499
500
501
502
505
506
507
508
510
511
512
513
514
515
516
517
518
520
521
523
524
526
529
530
532
533
535
536
538
539
540
541
542
543
544
545
546
547
548
549
550
552
553
554
556
557
558
560
561
562
565
566
568
570
573
574
575
576
577
578
579
580
581
582
585
586
587
588
590
591
592
593
594
595
596
597
598
600
601
603
604
606
609
610
612
613
615
616
618
619
620
621
622
623
624
625
626
627
628
629
630
632
633
634
636
637
638
640
641
645
646
648
650
652
653
654
655
656
657
658
659
660
661
662
665
666
667
668
670
671
672
673
675
676
677
678
680
681
683
684
686
687
689
690
692
693
695
696
698
699
700
701
702
703
704
705
706
707
708
709
710
712
713
714
716
717
718
720
721
722
725
726
730
732
733
734
735
736
737
738
739
740
741
742
745
746
747
748
750
751
752
753
755
756
757
758
760
761
763
764
766
769
770
772
773
775
776
778
779
780
781
782
783
784
785
786
787
788
789
790
792
793
794
796
797
798
800
801
805
806
808
810
812
813
814
815
816
817
818
819
820
821
822
825
826
827
828
830
831
833
834
835
836
837
838
840
841
843
844
846
848
849
850
851
853
855
856
858
859
860
861
862
863
864
866
867
868
869
870
872
873
874
876
877
878
880
881
882
885
886
890
892
893
894
895
896
897
898
899
900
901
902
905
906
907
908
910
911
912
913
915
916
917
918
920
921
923
924
926
928
929
930
932
933
935
936
938
939
940
941
942
943
944
945
946
947
948
949
950
952
953
954
956
957
958
960
961
965
966
970
972
973
974
975
976
977
978
979
980
981
982
985
986
987
988
990
991
993
994
995
996
997
998
1000
1001
1003
1004
1006
1008
1009
1010
1011
1012
1013
1015
1016
1018
1019
1020
1021
1022
1023
1024
1025
1026
1027
1028
1029
1030
1032
1033
1034
1036
1037
1038
1040
1041
1045
1046
1048
1050
1053
1054
1055
1056
1057
1058
1059
1060
1061
1062
1066
1067
1068
1070
1071
1072
1073
1074
1075
1076
1077
1078
1080
1081
1083
1084
1086
1087
1088
1089
1090
1092
1093
1095
1096
1098
1099
1100
1101
1102
1103
1104
1105
1106
1107
1108
1110
1112
1113
1114
1116
1117
1118
1120
1122
1123
1124
1125
1126
1127
1128
1129
1131
1132
1134
1135
1136
1137
1138
1140
1142
1143
1144
1145
1146
1147
1148
1149
1151
1152
1153
1154
1155
1156
1157
1159
1161
1162
1163
1165
1166
1167
1168
1171
1172
1173
1174
1175
1176
1177
1178
1181
1182
1184
1185
1186
1189
1191
1192
1193
1195
1196
1199
1200
1201
1205
1206
1210
1212
1213
1214
1215
1216
1217
1218
1219
1220
1221
1222
1225
1226
1227
1228
1230
1231
1232
1233
1234
1235
1236
1237
1238
1240
1241
1243
1244
1246
1248
1249
1250
1252
1253
1255
1256
1258
1259
1260
1261
1262
1263
1264
1265
1266
1267
1268
1269
1270
1272
1273
1274
1276
1277
1278
1280
1281
1282
1285
1286
1290
1293
1294
1295
1296
1297
1298
1299
1300
1301
1302
1305
1306
1307
1308
1310
1311
1313
1314
1315
1316
1317
1318
1320
1321
1323
1324
1327
1328
1329
1330
1331
1332
1333
1335
1336
1337
1338
1339
1340
1341
1342
1343
1344
1345
1346
1347
1348
1350
1352
1353
1354
1356
1357
1358
1360
1361
1362
1365
1366
1370
1373
1374
1375
1376
1377
1378
1379
1380
1381
1382
1386
1387
1388
1390
1391
1392
1393
1394
1395
1396
1397
1398
1400
1401
1403
1404
1406
1408
1409
1410
1412
1413
1414
1415
1416
1418
1419
1420
1421
1422
1423
1424
1425
1426
1427
1428
1429
1430
1432
1433
1434
1436
1437
1438
1440
1441
1442
1445
1446
1450
1453
1454
1455
1456
1457
1458
1459
1460
1461
1462
1465
1466
1467
1468
1470
1471
1473
1474
1475
1476
1477
1478
1480
1481
1483
1484
1486
1488
1489
1490
1491
1492
1493
1495
1496
1498
1499
1500
1501
1502
1503
1504
1505
1506
1507
1508
1509
1510
1512
1513
1514
1516
1517
1518
1520
1521
1522
1526
1528
1530
1532
1533
1534
1535
1536
1537
1538
1539
1540
1541
1542
1545
1546
1547
1548
1550
1551
1552
1553
1554
1555
1556
1557
1558
1560
1563
1564
1566
1568
1569
1570
1572
1573
1575
1576
1578
1579
1580
1581
1583
1584
1585
1586
1587
1588
1589
1590
1592
1593
1594
1596
1597
1598
1600
1601
1605
1606
1610
1612
1613
1614
1615
1616
1617
1618
1619
1620
1621
1622
1625
1626
1627
1628
1630
1631
1632
1633
1634
1635
1636
1637
1638
1640
1641
1643
1644
1646
1648
1649
1650
1652
1653
1655
1656
1658
1659
1660
1661
1662
1663
1664
1665
1666
1667
1668
1670
1672
1673
1674
1676
1677
1678
1680
1681
1682
1685
1686
1690
1693
1694
1695
1696
1697
1698
1699
1700
1701
1702
1705
1706
1707
1708
1710
1711
1713
1714
1715
1716
1717
1718
1720
1721
1723
1724
1726
1728
1729
1730
1732
1733
1735
1736
1738
1739
1740
1741
1742
1743
1744
1745
1746
1747
1748
1749
1750
1752
1753
1754
1756
1757
1758
1760
1761
1762
1765
1766
1768
1770
1773
1774
1775
1776
1777
1778
1779
1780
1781
1782
1785
1786
1787
1788
1790
1791
1792
1793
1795
1796
1797
1798
1800
1801
1803
1804
1806
1808
1809
1810
1812
1813
1815
1816
1818
1819
1820
1821
1822
1823
1824
1825
1826
1827
1828
1829
1830
1832
1833
1834
1836
1837
1838
1840
1841
1842
1845
1846
1848
1850
1852
1853
1854
1855
1856
1857
1858
1859
1860
1861
1862
1865
1866
1867
1868
1870
1871
1873
1874
1875
1876
1877
1878
1880
1881
1883
1884
1886
1888
1889
1890
1892
1893
1895
1896
1897
1898
1899
1900
1901
1903
1904
1905
1906
1907
1908
1910
1912
1913
1914
1916
1917
1918
1920
1921
1925
1926
1928
1930
1933
1934
1935
1936
1937
1938
1939
1940
1941
1942
1945
1946
1947
1948
1950
1951
1952
1953
1954
1955
1956
1957
1958
1960
1961
1963
1964
1966
1968
1969
1970
1972
1973
1975
1976
1978
1979
1980
1981
1982
1983
1984
1985
1986
1987
1988
1989
1990
1992
1993
1994
1996
1997
1998
2000
2001
2005
2006
2010
2013
2014
2015
2016
2017
2018
2019
2020
2021
2022
2025
2026
2027
2028
2030
2031
2033
2034
2035
2036
2037
2038
2040
2041
2043
2044
2046
2048
2049
2050
2051
2052
2053
2055
2056
2058
2059
2060
2061
2062
2063
2064
2065
2066
2067
2068
2069
2070
2072
2073
2074
2076
2077
2078
2080
2081
2085
2086
2090
2092
2093
2094
2095
2096
2097
2098
2099
2100
2101
2102
2106
2107
2108
2110
2111
2113
2114
2115
2116
2117
2118
2120
2123
2124
2126
2128
2129
2130
2131
2132
2133
2135
2136
2138
2139
2140
2141
2142
2143
2144
2145
2146
2147
2148
2149
2150
2152
2153
2154
2156
2157
2158
2160
2161
2165
2166
2170
2172
2173
2174
2175
2176
2177
2178
2179
2180
2181
2182
2185
2186
2187
2188
2190
2191
2192
2193
2195
2196
2197
2198
2200
2201
2203
2204
2206
2207
2208
2209
2210
2212
2213
2215
2216
2218
2219
2220
2221
2222
2223
2224
2225
2226
2227
2228
2229
2230
2232
2233
2234
2236
2237
2238
2240
2241
2245
2246
2250
2252
2253
2254
2255
2256
2257
2258
2259
2260
2261
2262
2266
2267
2268
2270
2271
2272
2273
2274
2275
2276
2277
2278
2280
2281
2283
2284
2286
2288
2289
2290
2292
2293
2295
2296
2298
2299
2300
2301
2302
2303
2304
2306
2307
2308
2309
2310
2312
2313
2314
2316
2317
2318
2320
2321
2325
2326
2328
2330
2332
2333
2334
2335
2336
2337
2338
2339
2340
2341
2342
2346
2347
2348
2350
2351
2353
2354
2355
2356
2357
2358
2360
2361
2363
2364
2366
2368
2369
2370
2372
2373
2375
2376
2378
2379
2380
2381
2382
2383
2384
2385
2386
2387
2388
2389
2390
2392
2393
2394
2396
2397
2398
2400
2401
2405
2406
2408
2410
2413
2414
2415
2416
2417
2418
2419
2420
2421
2422
2425
2426
2427
2428
2430
2431
2432
2433
2434
2435
2436
2437
2438
2440
2441
2443
2444
2446
2448
2449
2450
2452
2453
2455
2456
2458
2459
2460
2461
2462
2463
2464
2465
2466
2467
2468
2469
2470
2472
2473
2474
2476
2477
2478
2480
2481
2482
2485
2486
2488
2490
2492
2493
2494
2495
2496
2497
2498
2499
2500
2501
2502
2505
2506
2507
2508
2510
2511
2512
2515
2516
2517
2518
2520
2521
2523
2524
2526
2527
2528
2529
2530
2532
2533
2535
2536
2538
2539
2540
2541
2543
2544
2545
2546
2547
2548
2549
2550
2552
2554
2556
2557
2558
2560
2562
2563
2564
2565
2566
2567
2568
2569
2571
2572
2574
2575
2576
2577
2578
2580
2582
2583
2584
2585
2586
2587
2588
2589
2591
2592
2593
2594
2595
2596
2597
2599
2601
2602
2603
2605
2606
2607
2608
2611
2612
2613
2614
2615
2617
2618
2621
2622
2624
2625
2626
2629
2631
2632
2633
2635
2636
2639
2640
2642
2643
2644
2645
2646
2647
2648
2649
2651
2652
2654
2655
2656
2657
2658
2660
2662
2663
2664
2665
2666
2667
2668
2669
2671
2672
2673
2674
2675
2677
2679
2681
2682
2683
2685
2686
2687
2688
2691
2692
2693
2694
2695
2696
2697
2698
2701
2702
2705
2706
2709
2711
2712
2713
2715
2716
2719
2720
2721
2725
2726
2730
2733
2734
2735
2736
2737
2738
2739
2740
2741
2742
2745
2746
2747
2748
2750
2751
2752
2753
2754
2755
2756
2757
2758
2760
2761
2763
2764
2766
2768
2769
2770
2772
2773
2775
2776
2778
2779
2780
2781
2782
2783
2784
2785
2786
2787
2788
2789
2790
2792
2793
2794
2796
2797
2798
2800
2801
2805
2806
2810
2813
2814
2815
2816
2817
2818
2819
2820
2821
2822
2825
2826
2827
2828
2830
2831
2833
2834
2835
2836
2838
2840
2841
2843
2844
2845
2846
2847
2848
2849
2850
2852
2853
2855
2856
2858
2859
2860
2861
2862
2863
2864
2865
2866
2867
2868
2869
2870
2872
2873
2874
2876
2877
2878
2880
2881
2885
2886
2888
2890
2893
2894
2895
2896
2897
2898
2899
2900
2901
2902
2905
2906
2907
2908
2910
2911
2912
2913
2914
2915
2916
2917
2918
2920
2921
2923
2924
2926
2928
2929
2930
2932
2933
2935
2936
2938
2939
2940
2941
2942
2943
2944
2945
2946
2947
2948
2949
2950
2952
2953
2954
2957
2958
2960
2962
2963
2964
2965
2966
2967
2968
2969
2971
2972
2974
2975
2976
2977
2978
2980
2982
2983
2984
2985
2986
2987
2988
2989
2991
2992
2993
2994
2995
2996
2997
2999
3001
3002
3003
3005
3006
3007
3008
3011
3012
3013
3014
3015
3017
3018
3021
3022
3024
3025
3026
3029
3031
3032
3033
3035
3036
3039
3040
3041
3045
3046
3048
3050
3053
3054
3055
3056
3057
3058
3059
3060
3061
3062
3066
3067
3068
3070
3071
3072
3073
3074
3075
3076
3077
3078
3080
3081
3083
3084
3086
3088
3089
3090
3092
3093
3095
3096
3098
3099
3100
3101
3102
3103
3104
3105
3106
3107
3108
3109
3110
3112
3113
3114
3116
3117
3118
3120
3121
3122
3125
3126
3130
3133
3134
3135
3136
3137
3138
3139
3140
3141
3142
3146
3147
3148
3150
3151
3153
3154
3155
3156
3157
3158
3160
3161
3163
3164
3166
3168
3169
3170
3172
3173
3175
3176
3178
3179
3180
3181
3182
3183
3184
3185
3186
3187
3188
3189
3190
3192
3193
3194
3196
3197
3198
3200
3201
3202
3205
3206
3210
3213
3214
3215
3216
3217
3218
3219
3220
3221
3222
3226
3227
3228
3230
3231
3232
3233
3234
3235
3236
3237
3238
3240
3241
3243
3244
3246
3248
3249
3250
3252
3253
3255
3256
3258
3259
3260
3261
3262
3263
3264
3265
3266
3267
3268
3269
3270
3272
3273
3274
3276
3277
3278
3280
3281
3285
3286
3288
3290
3292
3293
3294
3295
3296
3297
3298
3299
3300
3301
3302
3305
3306
3307
3308
3310
3311
3313
3314
3315
3316
3317
3318
3320
3321
3323
3324
3326
3329
3330
3332
3333
3335
3336
3338
3339
3340
3341
3342
3343
3344
3345
3346
3347
3348
3349
3350
3352
3353
3354
3356
3357
3358
3360
3361
3365
3366
3370
3372
3373
3374
3375
3376
3377
3378
3379
3380
3381
3382
3385
3386
3387
3388
3390
3391
3392
3393
3394
3395
3396
3397
3398
3400
3401
3403
3404
3406
3409
3410
3412
3413
3415
3416
3418
3419
3420
3421
3422
3423
3424
3425
3426
3427
3428
3429
3430
3432
3433
3434
3436
3437
3438
3440
3442
3443
3444
3445
3446
3447
3448
3449
3451
3452
3455
3456
3457
3458
3460
3462
3463
3464
3465
3466
3467
3468
3469
3471
3472
3473
3474
3475
3477
3479
3480
3481
3482
3483
3485
3486
3487
3488
3491
3492
3493
3494
3495
3496
3497
3498
3501
3502
3504
3505
3506
3507
3509
3511
3512
3513
3515
3516
3519
3520
3521
3522
3525
3526
3530
3533
3534
3535
3536
3537
3538
3539
3540
3541
3542
3545
3546
3547
3548
3550
3551
3552
3553
3555
3556
3557
3558
3560
3561
3563
3564
3566
3568
3569
3570
3572
3573
3575
3576
3578
3579
3580
3581
3582
3583
3584
3585
3586
3587
3588
3589
3590
3592
3593
3594
3596
3597
3598
3600
3601
3605
3606
3608
3610
3613
3614
3615
3616
3617
3618
3619
3620
3621
3622
3626
3627
3628
3630
3631
3632
3633
3634
3635
3636
3637
3638
3640
3641
3643
3644
3646
3648
3649
3650
3652
3653
3654
3655
3656
3658
3659
3660
3661
3662
3663
3664
3665
3666
3667
3668
3669
3670
3672
3673
3674
3676
3677
3678
3680
3681
3682
3685
3686
3688
3690
3693
3694
3695
3697
3698
3699
3700
3701
3702
3705
3706
3707
3708
3710
3711
3712
3713
3714
3715
3716
3717
3718
3720
3721
3723
3724
3726
3728
3729
3730
3732
3733
3735
3736
3738
3739
3740
3741
3742
3743
3744
3746
3747
3748
3749
3750
3752
3754
3756
3757
3758
3760
3761
3765
3766
3768
3770
3773
3774
3775
3776
3777
3778
3779
3780
3781
3782
3785
3786
3787
3788
3790
3791
3793
3794
3795
3796
3797
3798
3800
3801
3803
3804
3806
3808
3809
3810
3811
3813
3815
3816
3818
3819
3820
3821
3822
3823
3824
3825
3826
3827
3828
3829
3830
3832
3833
3834
3836
3837
3838
3840
3841
3842
3845
3846
3850
3852
3853
3854
3855
3856
3857
3858
3859
3860
3861
3862
3865
3866
3867
3868
3870
3871
3872
3873
3874
3875
3876
3877
3878
3880
3881
3883
3884
3886
3888
3889
3890
3892
3893
3895
3896
3898
3899
3900
3901
3903
3904
3905
3906
3907
3908
3909
3910
3912
3913
3914
3917
3918
3920
3921
3922
3924
3925
3926
3927
3928
3930
3931
3932
3936
3937
3938
3939
3940
3941
3942
3943
3944
3945
3946
3949
3950
3952
3953
3954
['6744cd56-8e1d-4656-b548-dc04f67f3cb8', '162e177b-eefd-4791-833b-68a1042ee517', '99a6afc4-3ad1-49d1-a605-1fba43cc4539', '2913324d-bf25-4f4e-8fbe-5cebd50697a6', 'f4f3840c-8fec-4c8b-b210-505b7f054664', 'd2249470-db0f-4124-9258-a3a7326ece3d', '72b193a4-4aa8-4a9b-958f-f5ddbf4089b4', 'ff2aacd1-66bb-4760-9ef3-ad8d60d8f63c', 'fcf0de2b-92e4-4d74-b23b-518062c2acac', 'b1d25efb-07bb-4e75-ba8e-63e5c0c8e618', '8567bb22-1d75-4387-9bd8-f0f377ac4d81', '5ecccd25-cb4f-4a12-98e1-c80efa5e4652', '4c1d9474-c089-401d-944b-2ac1df53d2f6', 'fd6b4af1-2e98-467d-8d2c-3fb215e50de8', '86441754-83c8-453d-8c81-e5a16251058d', '3bd6876e-5a6e-4df4-b1ab-f99480295fe4', '48148b9b-b7de-4d09-ae89-d04a6e7c9c0a', '6f9c8d2a-aa9d-4d5b-9e4c-622ee0d371bf', 'fa4bac49-f0d4-452b-a8df-302ec7e12473', '3df8addd-7fe3-4201-86f3-11c194a64d55', '546e75ab-9c4c-45a7-a115-6297a89f9cf8', '8d09bb43-0926-4c67-936c-83091f2e488e', '5175d88c-e242-43cb-b36b-7ebb492053b2', '10ceb2e7-ee41-4e66-8dd6-adf781e5c09e', '63fd39b1-9ece-4446-affd-c19fd254f7ab', 'd750c886-fbac-48e8-aa6e-2a11a6e52cc0', '0d2d1b0a-08c2-44d6-a9bd-7c804546188d', 'ef4088e1-0733-4d43-9ffa-bad840f043cd', 'b76bf566-7e32-49ec-bcef-970459da6a3c', '87ffae39-3ab3-468c-b344-e08f360aadcd', '7ce0b94d-7318-44a3-a054-212e2d02bf87', '36b746f6-0991-4909-86fe-95af4859ca35', '6ef21aa1-3d8a-43c3-9ca1-13429c6183fc', '1e78b21a-e71e-4019-b716-92d1ad610de5', 'bfe6145d-0a23-47e9-88cf-aaacc0422af1', 'af8d1304-0350-445f-8149-539b02af2966', 'e2ac413f-c9c0-4810-b027-c07e7085caa4', '5ce4585e-0f03-4430-a004-f2acaf27329f', '70800525-af4f-469b-be28-1aaa051c3568', '479613f0-456e-4d7c-aa84-64bdb066ed6a', '5fd07e3a-cd4a-4926-8b8e-e4dc1c0d1f18', '4c72a5d5-c160-4d6c-8369-ebb5cceed50c', '3c208fea-0105-4b6f-b4c6-0717604846ff', 'de4849d1-4d4a-4fc2-b7d9-3c0681839c36', '809fa484-50b9-4bb4-86c2-c84a8e75a6ff', '839fc16c-ce22-4442-910b-d12dfea1f07c', '88951da5-66f9-4874-85c6-316cea266a0a', '47f2e80d-16f8-4058-8c93-a386eb0e2fa5', 'bb29b4cb-529d-45e9-be4b-ec8c052e7cac', '88f852d7-3e4d-4fbf-abd2-8d65d4b24b7d']
