0
1
2
4
5
6
7
8
10
11
12
14
15
17
20
21
22
24
26
27
28
29
31
33
34
37
38
39
40
42
44
45
46
47
48
50
51
52
53
54
55
56
57
58
59
60
62
63
66
67
68
70
71
72
73
74
75
76
77
78
80
81
82
84
85
86
87
88
89
90
91
92
94
95
97
101
102
104
106
108
109
111
113
117
118
119
120
121
122
124
125
126
127
128
130
131
132
133
134
135
136
137
138
139
140
142
143
146
147
148
149
150
151
152
153
154
155
156
157
158
160
161
162
164
165
166
167
168
169
170
171
172
174
177
180
181
182
184
186
188
189
191
193
195
197
198
199
200
202
204
205
206
207
208
210
211
212
213
214
215
216
217
218
219
220
222
223
226
227
228
229
230
231
232
233
234
235
236
237
238
240
241
242
244
245
246
247
248
249
250
251
252
254
255
257
261
262
264
266
268
269
271
272
273
276
277
278
279
280
282
284
285
286
287
290
291
292
293
294
295
296
297
298
299
300
303
306
307
308
309
310
311
312
313
314
315
316
317
318
320
321
322
325
326
327
328
329
330
331
332
334
337
340
341
342
344
346
348
349
351
353
355
356
357
358
359
360
361
362
364
365
366
367
368
370
371
372
373
374
375
376
377
378
379
380
382
383
386
387
388
390
391
392
393
394
395
396
397
398
400
401
402
405
406
407
408
409
410
411
412
414
417
420
421
422
424
426
428
429
431
433
434
435
437
438
439
440
442
444
445
446
447
448
450
451
452
453
454
455
456
457
458
459
460
462
463
465
466
467
468
469
470
471
472
474
475
476
477
478
480
481
482
484
485
486
487
488
489
490
491
492
494
497
500
501
502
504
506
507
508
509
511
513
515
517
518
519
520
521
522
524
525
526
527
530
531
532
533
534
535
536
537
538
539
540
542
543
546
547
548
550
551
552
553
554
555
556
557
558
560
561
562
564
565
566
567
568
569
570
571
572
574
577
581
582
583
584
586
588
589
591
592
593
594
595
596
597
598
599
600
602
604
605
606
607
608
610
611
612
613
614
615
616
617
618
619
620
623
626
627
628
630
631
632
634
635
636
637
638
640
641
642
644
645
646
647
648
649
650
651
652
654
657
660
661
662
664
666
668
669
671
673
674
675
677
678
679
680
681
682
684
685
686
687
688
690
691
692
693
694
695
696
697
698
699
700
702
703
706
707
708
710
711
712
714
715
716
717
718
720
721
722
724
725
726
727
728
729
730
731
732
734
737
740
741
742
744
746
747
748
751
752
753
755
757
758
759
760
762
764
765
766
767
768
770
771
772
773
774
775
776
777
778
779
780
783
786
787
788
789
790
791
792
793
794
795
796
797
798
800
801
802
804
805
806
807
808
809
810
811
812
814
817
820
821
822
824
826
827
828
829
831
833
835
837
838
839
840
842
844
845
846
847
848
850
851
852
853
854
855
856
857
858
859
860
862
863
866
867
868
870
871
872
874
875
876
877
878
880
881
882
884
885
886
887
888
889
890
891
892
894
897
901
902
904
906
908
909
911
913
914
915
917
918
919
920
922
924
925
926
927
930
931
932
933
934
935
936
937
938
939
940
942
943
946
947
948
949
950
951
952
953
954
955
956
957
958
960
961
962
965
966
967
968
969
970
971
972
974
977
981
982
984
986
988
989
991
992
993
994
995
996
997
998
999
1000
1001
1002
1004
1005
1006
1007
1008
1010
1011
1012
1013
1014
1015
1016
1017
1018
1019
1020
1022
1023
1026
1027
1028
1030
1031
1032
1033
1034
1035
1036
1037
1038
1040
1041
1042
1044
1045
1046
1047
1048
1050
1051
1052
1054
1057
1061
1062
1064
1066
1068
1069
1071
1073
1074
1075
1077
1078
1079
1080
1081
1082
1084
1085
1086
1087
1088
1090
1091
1092
1093
1094
1095
1096
1097
1098
1099
1100
1103
1106
1107
1108
1109
1110
1111
1112
1113
1114
1115
1116
1117
1118
1120
1121
1122
1124
1125
1126
1127
1128
1129
1130
1131
1132
1134
1137
1140
1141
1142
1144
1146
1148
1149
1151
1152
1153
1157
1158
1159
1160
1162
1164
1165
1166
1167
1168
1170
1171
1172
1173
1174
1175
1176
1177
1178
1179
1180
1182
1183
1186
1187
1188
1189
1190
1191
1192
1193
1194
1195
1196
1197
1198
1200
1201
1202
1204
1205
1206
1207
1208
1209
1210
1211
1212
1214
1217
1220
1221
1222
1224
1226
1227
1228
1229
1231
1233
1237
1238
1239
1240
1241
1242
1244
1245
1246
1247
1248
1250
1251
1252
1253
1254
1255
1256
1257
1258
1259
1260
1262
1263
1266
1267
1268
1269
1270
1271
1272
1273
1274
1275
1276
1277
1278
1280
1281
1282
1285
1286
1287
1288
1289
1290
1291
1292
1294
1297
1301
1302
1304
1306
1308
1311
1312
1313
1315
1316
1317
1318
1319
1320
1322
1324
1325
1326
1327
1328
1330
1331
1332
1333
1334
1335
1336
1337
1338
1339
1340
1342
1343
1346
1347
1348
1349
1350
1351
1352
1353
1354
1355
1356
1357
1358
1360
1361
1362
1364
1365
1366
1367
1368
1369
1370
1371
1372
1374
1377
1380
1381
1382
1384
1386
1388
1389
1391
1392
1393
1394
1395
1397
1398
1399
1402
1404
1405
1406
1407
1408
1410
1411
1412
1413
1414
1415
1416
1417
1418
1419
1420
1422
1423
1426
1427
1428
1429
1430
1431
1432
1434
1435
1436
1437
1438
1440
1441
1442
1444
1445
1446
1447
1448
1450
1451
1452
1454
1457
1460
1461
1462
1464
1466
1468
1469
1471
1473
1474
1475
1477
1478
1479
1480
1482
1484
1485
1486
1487
1488
1490
1491
1492
1493
1494
1495
1496
1497
1498
1499
1500
1502
1503
1506
1507
1508
1509
1510
1511
1512
1513
1514
1515
1516
1517
1518
1520
1521
1522
1524
1525
1526
1527
1528
1529
1530
1531
1532
1534
1537
1540
1541
1542
1544
1546
1548
1549
1551
1553
1554
1555
1557
1558
1559
1560
1562
1564
1565
1566
1567
1568
1570
1571
1572
1573
1574
1575
1576
1577
1578
1579
1580
1583
1586
1587
1588
1589
1590
1591
1592
1593
1594
1595
1596
1597
1598
1600
1601
1602
1604
1605
1606
1607
1608
1609
1610
1611
1612
1614
1617
1620
1621
1622
1624
1626
1628
1629
1631
1632
1633
1635
1636
1637
1638
1639
1640
1642
1644
1645
1646
1647
1648
1650
1651
1652
1653
1654
1655
1656
1657
1658
1659
1660
1663
1666
1667
1668
1670
1671
1672
1673
1674
1675
1676
1677
1678
1680
1681
1682
1684
1685
1686
1687
1688
1689
1690
1691
1692
1694
1697
1700
1701
1702
1704
1706
1708
1709
1711
1713
1714
1715
1717
1718
1719
1720
1722
1724
1725
1726
1727
1728
1730
1731
1732
1733
1734
1735
1736
1737
1738
1739
1740
1743
1746
1747
1748
1749
1750
1751
1752
1753
1754
1755
1756
1757
1758
1760
1761
1762
1764
1765
1766
1767
1768
1770
1771
1772
1774
1775
1777
1780
1781
1782
1784
1786
1788
1789
1791
1793
1795
1797
1798
1799
1800
1802
1804
1805
1806
1807
1808
1810
1811
1812
1813
1814
1815
1816
1817
1818
1819
1820
1822
1823
1825
1826
1827
1828
1829
1830
1831
1832
1834
1835
1836
1837
1838
1840
1841
1842
1844
1845
1846
1847
1848
1849
1850
1851
1852
1854
1857
1860
1861
1862
1864
1866
1868
1869
1871
1873
1874
1875
1877
1878
1879
1880
1882
1884
1885
1886
1887
1888
1890
1891
1892
1893
1894
1895
1896
1897
1898
1899
1900
1902
1903
1907
1908
1909
1910
1911
1912
1913
1914
1915
1916
1917
1918
1920
1921
1922
1924
1925
1926
1927
1928
1929
1930
1931
1932
1934
1937
1940
1941
1942
1944
1946
1948
1949
1951
1953
1954
1955
1957
1958
1959
1960
1962
1964
1965
1966
1967
1968
1970
1971
1972
1973
1974
1975
1976
1977
1978
1979
1980
1981
1983
1986
1987
1988
1990
1991
1992
1993
1994
1995
1996
1997
1998
2000
2001
2002
2004
2005
2006
2007
2008
2010
2011
2012
2014
2017
2021
2022
2024
2026
2028
2029
2031
2032
2033
2035
2037
2038
2039
2040
2041
2042
2044
2045
2046
2047
2048
2050
2051
2052
2053
2054
2055
2056
2057
2058
2059
2060
2062
2063
2066
2067
2068
2069
2070
2071
2072
2073
2074
2075
2076
2077
2078
2080
2081
2082
2084
2085
2086
2087
2088
2089
2090
2091
2092
2094
2097
2100
2101
2102
2104
2106
2108
2109
2111
2113
2115
2116
2117
2118
2119
2120
2122
2124
2125
2126
2127
2128
2130
2131
2132
2133
2134
2135
2136
2137
2138
2139
2140
2142
2143
2146
2147
2148
2150
2151
2152
2153
2154
2155
2156
2157
2158
2160
2161
2162
2164
2165
2166
2167
2168
2169
2170
2171
2172
2174
2177
2180
2181
2182
2184
2186
2188
2189
2191
2193
2195
2197
2198
2199
2200
2202
2204
2205
2206
2207
2208
2210
2211
2212
2213
2214
2215
2216
2217
2218
2219
2220
2222
2223
2226
2227
2228
2229
2230
2231
2232
2233
2234
2235
2236
2237
2238
2240
2241
2242
2244
2245
2246
2247
2248
2249
2250
2251
2252
2254
2257
2260
2261
2262
2264
2266
2268
2269
2271
2273
2275
2277
2278
2279
2280
2282
2284
2285
2286
2287
2290
2291
2292
2293
2294
2295
2296
2297
2298
2299
2300
2302
2303
2305
2306
2307
2308
2309
2310
2311
2312
2313
2314
2315
2316
2317
2318
2320
2321
2322
2325
2326
2327
2328
2329
2330
2331
2332
2334
2337
2340
2341
2342
2344
2346
2347
2348
2351
2353
2354
2357
2358
2359
2360
2362
2364
2365
2366
2367
2368
2370
2371
2372
2373
2374
2375
2376
2377
2378
2379
2380
2382
2383
2386
2387
2388
2389
2390
2391
2392
2394
2395
2396
2397
2398
2400
2401
2402
2404
2405
2406
2407
2408
2409
2410
2411
2412
2414
2417
2420
2421
2422
2424
2426
2428
2431
2432
2433
2434
2437
2438
2439
2440
2442
2444
2445
2446
2447
2448
2450
2451
2452
2453
2454
2455
2456
2457
2458
2459
2460
2462
2463
2466
2467
2468
2470
2471
2472
2473
2474
2475
2476
2477
2478
2480
2481
2482
2484
2485
2486
2487
2488
2489
2490
2491
2492
2494
2497
2501
2502
2504
2506
2508
2509
2511
2513
2514
2515
2516
2517
2518
2519
2520
2522
2524
2525
2526
2527
2528
2530
2531
2532
2533
2534
2535
2536
2537
2538
2539
2540
2542
2543
2546
2547
2548
2550
2551
2552
2554
2555
2556
2557
2558
2560
2561
2562
2564
2565
2566
2567
2568
2569
2570
2571
2572
2574
2577
2580
2581
2582
2584
2586
2588
2589
2591
2592
2593
2595
2597
2598
2599
2600
2602
2604
2605
2606
2607
2610
2611
2612
2613
2614
2615
2616
2617
2618
2619
2620
2622
2623
2626
2627
2628
2629
2630
2631
2632
2633
2634
2635
2636
2637
2638
2640
2641
2642
2645
2646
2647
2648
2650
2651
2652
2654
2655
2657
2660
2661
2662
2663
2664
2666
2668
2671
2673
2676
2677
2678
2679
2680
2681
2682
2684
2685
2686
2687
2688
2690
2691
2692
2693
2694
2695
2696
2697
2698
2699
2700
2702
2703
2706
2707
2708
2710
2711
2712
2713
2714
2715
2716
2717
2718
2720
2721
2722
2724
2725
2726
2727
2728
2729
2730
2731
2732
2734
2737
2740
2741
2742
2744
2746
2748
2749
2751
2753
2754
2755
2757
2758
2759
2760
2762
2764
2765
2766
2767
2768
2770
2771
2772
2773
2774
2775
2776
2777
2778
2780
2783
2786
2787
2788
2789
2790
2791
2792
2793
2794
2795
2796
2797
2798
2800
2801
2802
2804
2805
2806
2807
2808
2809
2810
2811
2812
2814
2817
2821
2822
2824
2826
2828
2829
2831
2833
2834
2835
2837
2838
2839
2840
2841
2842
2844
2845
2846
2847
2850
2851
2852
2853
2854
2855
2856
2857
2858
2859
2860
2863
2866
2867
2868
2869
2870
2871
2872
2873
2874
2875
2876
2877
2878
2880
2881
2882
2884
2885
2886
2887
2888
2889
2890
2891
2892
2894
2897
2900
2901
2902
2904
2906
2908
2909
2911
2913
2914
2915
2916
2917
2918
2919
2920
2922
2924
2925
2926
2927
2928
2930
2931
2932
2933
2934
2935
2936
2937
2938
2939
2940
2943
2946
2947
2948
2950
2951
2952
2953
2954
2955
2956
2957
2958
2960
2961
2962
2964
2965
2966
2967
2968
2969
2970
2971
2972
2974
2977
2980
2981
2982
2984
2986
2987
2988
2989
2991
2992
2993
2995
2997
2998
2999
3000
3002
3004
3005
3006
3007
3008
3010
3011
3012
3013
3014
3015
3016
3017
3018
3019
3020
3022
3023
3026
3027
3028
3030
3031
3032
3033
3034
3035
3036
3037
3038
3040
3041
3042
3044
3045
3046
3047
3048
3049
3050
3051
3052
3054
3057
3060
3061
3062
3064
3066
3068
3071
3073
3076
3077
3078
3079
3080
3082
3084
3085
3086
3087
3088
3090
3091
3092
3093
3094
3095
3096
3097
3098
3099
3100
3102
3103
3106
3107
3108
3109
3110
3111
3112
3113
3114
3115
3116
3117
3118
3120
3121
3122
3124
3125
3126
3127
3128
3129
3130
3131
3132
3134
3137
3140
3141
3142
3144
3146
3148
3149
3151
3152
3153
3154
3155
3157
3158
3159
3160
3162
3164
3165
3166
3167
3168
3170
3171
3172
3173
3174
3175
3176
3177
3178
3179
3180
3183
3187
3188
3189
3190
3191
3192
3194
3195
3196
3197
3198
3200
3201
3202
3204
3205
3206
3207
3208
3209
3210
3211
3212
3214
3217
3221
3222
3224
3226
3228
3229
3231
3233
3235
3237
3238
3239
3240
3242
3244
3245
3246
3247
3248
3250
3251
3252
3253
3254
3255
3256
3257
3258
3259
3260
3262
3263
3265
3266
3267
3268
3269
3270
3271
3272
3274
3275
3276
3277
3278
3280
3281
3282
3284
3285
3286
3287
3288
3289
3290
3291
3292
3294
3297
3300
3301
3302
3304
3306
3308
3311
3313
3315
3317
3318
3319
3320
3321
3322
3324
3325
3326
3327
3328
3330
3331
3332
3333
3334
3335
3336
3337
3338
3339
3340
3342
3343
3346
3347
3348
3349
3350
3351
3352
3353
3354
3355
3356
3357
3358
3360
3361
3362
3364
3365
3366
3367
3368
3369
3370
3371
3372
3374
3375
3377
3380
3381
3382
3384
3386
3388
3389
3391
3393
3397
3398
3399
3400
3402
3404
3405
3406
3407
3408
3410
3411
3412
3413
3414
3415
3416
3417
3418
3419
3420
3422
3423
3426
3427
3428
3429
3430
3431
3432
3433
3434
3435
3436
3437
3438
3440
3441
3442
3444
3445
3446
3447
3448
3449
3450
3451
3452
3454
3455
3457
3460
3461
3462
3464
3466
3468
3469
3470
3471
3473
3474
3477
3478
3479
3480
3482
3484
3485
3486
3487
3488
3490
3491
3492
3493
3494
3495
3496
3497
3498
3499
3500
3503
3506
3507
3508
3510
3511
3512
3513
3514
3515
3516
3517
3518
3520
3521
3522
3524
3525
3526
3527
3528
3529
3530
3531
3532
3534
3537
3540
3541
3542
3544
3546
3547
3548
3549
3551
3553
3554
3555
3557
3558
3559
3560
3562
3564
3565
3566
3567
3568
3570
3571
3572
3573
3574
3575
3576
3577
3578
3579
3580
3582
3583
3586
3587
3588
3590
3591
3592
3594
3595
3596
3597
3598
3600
3601
3602
3604
3605
3606
3607
3608
3609
3610
3611
3612
3614
3617
3620
3621
3622
3624
3626
3628
3629
3631
3633
3635
3637
3638
3639
3640
3642
3644
3645
3646
3647
3648
3650
3651
3652
3653
3654
3655
3656
3657
3658
3659
3660
3662
3663
3666
3667
3668
3669
3670
3671
3672
3673
3674
3675
3676
3677
3678
3680
3681
3682
3684
3685
3686
3687
3688
3689
3690
3691
3692
3694
3697
3700
3701
3702
3704
3706
3708
3709
3711
3712
3713
3715
3717
3718
3719
3722
3724
3725
3726
3727
3728
3730
3731
3732
3733
3734
3735
3736
3737
3738
3739
3740
3742
3743
3746
3747
3748
3749
3750
3751
3752
3753
3754
3755
3756
3757
3758
3760
3761
3762
3764
3765
3766
3767
3768
3769
3770
3771
3772
3774
3777
3780
3781
3782
3786
3787
3788
3789
3791
3793
3794
3797
3798
3799
3800
3802
3804
3805
3806
3807
3810
3811
3812
3813
3814
3815
3816
3817
3818
3819
3820
3822
3823
3825
3826
3827
3828
3830
3831
3832
3833
3834
3835
3836
3837
3838
3840
3841
3842
3844
3845
3846
3847
3848
3849
3850
3851
3852
3854
3857
3860
3861
3862
3864
3866
3868
3869
3871
3873
3875
3877
3878
3879
3880
3882
3884
3885
3886
3887
3888
3890
3891
3892
3893
3894
3895
3896
3897
3898
3899
3900
3902
3903
3906
3907
3908
3910
3911
3912
3913
3914
3915
3916
3917
3918
3920
3921
3923
3924
3928
3929
3930
3931
3934
3935
3936
3937
3939
3940
3942
3943
3944
3945
3948
3949
3950
3951
3952
3954
3955
3956
3957
['29cad751-25e5-4700-9382-9200af43654b', 'd942a08f-46ad-4fac-be26-49b2bab85564', 'f194e9df-1849-45c8-8eb9-79d54b929d18', '1b58f48f-3e38-457f-a874-b7018f7006d8', 'f2bced12-52b7-4c29-bb1d-ef7bf7a89f7c', 'db97832f-4490-4e73-ae43-2fdb9a9571ef', 'f442a778-c3d1-4c18-8fe6-b81418ca5127', '90156efa-eb56-4124-b44e-a4c3d3e6aee3', '21099666-6f9a-45c4-9571-83e87aee38d4', '3b310c5d-e99a-4488-abdd-c4bdc60da508', '7f3d64aa-b622-4d5f-b117-6e5b8d30258c', '3d1fd195-a985-439c-b36c-75538347a291', 'c971487c-51ac-47ac-9ab2-308155386b64', '9699f268-3161-4ec4-897a-ea4cf8641cd6', '2985b485-bde2-46cd-af7a-8fc83f87fcda', '2e1f5e6a-ac19-428d-949d-ff133495cc25', 'b0a1b3d9-fd36-403e-8901-625e41d23cab', '241b3f60-b650-49bd-9297-b76a2e71b8e0', 'e6c1ddbe-2ca8-4957-aa0c-96947b7f43a2', '9693b704-754e-4dde-9128-9a123f8b529a', '378231b1-1ac5-4d92-b855-8dafc074f1e8', 'e2a1cc2b-6e4c-4cbb-a964-c88c96165210', 'b7c1140b-b3d4-4002-8207-023223f430e3', 'c89e6269-6aa1-4593-b800-16146201196c', '849265c0-e5e2-4e70-bcdf-b9cdb1155b19', '6cbe013c-7744-4eb0-9dd0-1bcf7ab2ad93', '73117ef5-160e-4466-8e99-a4f011babfa7', 'c2f413ca-248a-4b89-abea-f487ef9858ab', 'd4126877-27c2-4f62-b09a-30021eadec8e', '63bf30b9-0781-4d24-ab90-ee9c32bc1c88', 'f99a836b-c2e9-4243-bba4-ff54e5523fdd', '9fed7255-4cf2-4314-bb45-23a94c3542de', '6518feda-30bd-4e50-b1e4-2b9c7ab8dd07', '34a29396-ea48-4807-85cf-16fa0367b2a0', 'b0094890-87d2-470a-9c76-4ffca37f837a', 'ab4e11f3-768b-48e4-9352-a17fa4446bf7', '8657b9c1-2da1-4171-ae9d-207ddd3bfc3a', '96626327-1b4e-422a-99fb-6be249937ca2', '140ffb25-213f-4ac7-bfd7-15429e258955', '9f64599f-a4f3-46d4-9d10-1e942b703f60', '19356748-4f4c-4cb1-a52f-fbec59fc8809', '65f631a1-a1b4-406e-addc-ec83d01555ad', '04eabc1a-e6bf-4518-925f-0b9341917ceb', '3b46ffdb-4a07-4d26-8e25-d001a0eb9f6b', 'ea559a73-3d45-48ad-a2c7-df85c63eea52', '2ac355a7-65c4-4593-bd8e-2617007f180e', '32610b9b-942c-4561-9009-d67674dfceca', 'b5b25048-6493-4f3a-a739-265f501d744e', '9c0f162d-f472-48aa-bbde-a5328f9ad6b9', '671cffc9-9357-4060-b13d-fe2a1c2488a3']
